0.3460497	3	000	2	2	0	000	2	2	1	57StTo.1
0.3460580	3	000	2	2	0	000	2	2	1	57StTo.2
0.2941151	3	000	7	4	3	000	7	4	4	78Lovas.1
0.3059716	3	000	10	5	5	000	10	5	6	78Lovas.2
0.4869251	3	000	3	2	1	000	4	1	4	78Lovas.3
0.4869758	3	000	3	2	1	000	4	1	4	78Lovas.4
0.4869845	3	000	3	2	1	000	4	1	4	78Lovas.5
0.4869915	3	000	3	2	1	000	4	1	4	78Lovas.6
0.4870402	3	000	3	2	1	000	4	1	4	78Lovas.7
0.4870716	3	000	3	2	1	000	4	1	4	78Lovas.8
0.4870826	3	000	3	2	1	000	4	1	4	78Lovas.9
0.7577508	3	000	5	3	2	000	5	3	3	78Lovas.10
0.7818757	3	000	11	5	6	000	11	5	7	78Lovas.11
0.8238560	3	000	7	1	7	000	6	2	4	78Lovas.12
0.8238806	3	000	7	1	7	000	6	2	4	78Lovas.13
0.8239271	3	000	7	1	7	000	6	2	4	78Lovas.14
0.8239663	3	000	7	1	7	000	6	2	4	78Lovas.15
0.8239924	3	000	7	1	7	000	6	2	4	78Lovas.16
0.8531374	3	000	8	4	4	000	8	4	5	78Lovas.17
1.6249139	3	000	4	3	1	000	5	2	4	78Lovas.18
1.6249385	3	000	4	3	1	000	5	2	4	78Lovas.19
1.6249497	3	000	4	3	1	000	5	2	4	78Lovas.20
1.6249631	3	000	4	3	1	000	5	2	4	78Lovas.21
1.6249806	3	000	4	3	1	000	5	2	4	78Lovas.22
1.6249912	3	000	4	3	1	000	5	2	4	78Lovas.23
1.6250007	3	000	4	3	1	000	5	2	4	78Lovas.24
1.6908396	3	000	3	2	1	000	3	2	2	78Lovas.25
1.6908549	3	000	3	2	1	000	3	2	2	78Lovas.26
2.1146067	3	000	9	4	5	000	9	4	6	78Lovas.27
2.1875090	3	000	6	3	3	000	6	3	4	78Lovas.28
2.4040068	3	000	6	0	6	000	5	2	3	78Lovas.29
2.4040275	3	000	6	0	6	000	5	2	3	78Lovas.30
2.4040812	3	000	6	0	6	000	5	2	3	78Lovas.31
2.4041128	3	000	6	0	6	000	5	2	3	78Lovas.32
2.4041395	3	000	6	0	6	000	5	2	3	78Lovas.33
2.6885339	3	000	1	1	0	000	1	1	1	78Lovas.34
2.6885571	3	000	1	1	0	000	1	1	1	78Lovas.35
2.6885702	3	000	1	1	0	000	1	1	1	78Lovas.36
2.6885854	3	000	1	1	0	000	1	1	1	78Lovas.37
2.6886335	3	000	1	1	0	000	1	1	1	78Lovas.38
2.6886445	3	000	1	1	0	000	1	1	1	78Lovas.39
4.1445616	3	000	5	1	5	000	4	2	2	78Lovas.40
4.1445878	3	000	5	1	5	000	4	2	2	78Lovas.41
4.1446420	3	000	5	1	5	000	4	2	2	78Lovas.42
4.1446692	3	000	5	1	5	000	4	2	2	78Lovas.43
4.1447068	3	000	5	1	5	000	4	2	2	78Lovas.44
4.6148137	3	000	10	4	6	000	10	4	7	78Lovas.45
4.6444745	3	000	6	1	6	000	5	2	3	78Lovas.46
4.6444986	3	000	6	1	6	000	5	2	3	78Lovas.47
4.6445502	3	000	6	1	6	000	5	2	3	78Lovas.48
4.6445826	3	000	6	1	6	000	5	2	3	78Lovas.49
4.6446129	3	000	6	1	6	000	5	2	3	78Lovas.50
4.8344137	3	000	4	2	2	000	4	2	3	78Lovas.51
4.8344389	3	000	4	2	2	000	4	2	3	78Lovas.52
-4.8432084	3	000	7	3	4	000	7	3	5	78Lovas.53
7.8027265	3	000	3	1	2	000	2	2	1	78Lovas.54
7.8027731	3	000	3	1	2	000	2	2	1	78Lovas.55
8.0599972	3	000	2	1	1	000	2	1	2	78Lovas.56
8.0600495	3	000	2	1	1	000	2	1	2	78Lovas.57
8.0601006	3	000	2	1	1	000	2	1	2	78Lovas.58
8.0601234	3	000	2	1	1	000	2	1	2	78Lovas.59
1118.953300	500	010	3	1	2	000	4	4	1	93Tothb.1
1146.823000	500	010	4	2	3	000	5	4	2	93Tothb.2
1151.846000	500	010	7	1	7	000	8	2	6	93Tothb.3
1155.850000	500	010	5	0	5	000	6	3	4	93Tothb.4
1160.541200	500	010	8	2	7	000	9	3	6	93Tothb.5
1176.096200	500	010	6	5	1	000	7	6	2	93Tothb.6
1187.664000	500	010	7	3	5	000	8	4	4	93Tothb.7
1188.416600	500	010	7	2	6	000	8	3	5	93Tothb.8
1188.518000	500	010	6	4	3	000	7	5	2	93Tothb.9
1188.614000	500	010	6	4	2	000	7	5	3	93Tothb.10
1190.878680	500	010	5	5	0	000	6	6	1	93Tothb.11
1203.329290	500	010	5	4	2	000	6	5	1	93Tothb.12
1203.345300	500	010	5	4	1	000	6	5	2	93Tothb.13
1203.616300	500	010	6	3	4	000	7	4	3	93Tothb.14
1206.055000	500	010	6	3	3	000	7	4	4	93Tothb.15
1212.475700	500	010	6	2	5	000	7	3	4	93Tothb.16
1218.302500	500	010	4	4	0	000	5	5	1	93Tothb.17
1219.025400	500	010	5	3	3	000	6	4	2	93Tothb.18
1219.848200	500	010	5	3	2	000	6	4	3	93Tothb.19
1223.703000	500	010	5	1	5	000	6	2	4	93Tothb.20
1230.012000	500	010	7	2	5	000	8	3	6	93Tothb.21
1233.300300	500	010	5	2	4	000	6	3	3	93Tothb.22
1234.234750	500	010	4	3	2	000	5	4	1	93Tothb.23
1234.440750	500	010	4	3	1	000	5	4	2	93Tothb.24
1237.199400	500	010	6	2	4	000	7	3	5	93Tothb.25
1245.105100	500	010	10	1	9	000	11	2	10	93Tothb.26
1246.303920	500	010	5	2	3	000	6	3	4	93Tothb.27
1249.433830	500	010	3	3	1	000	4	4	0	93Tothb.28
1249.463150	500	010	3	3	0	000	4	4	1	93Tothb.29
1250.125100	500	010	9	2	7	000	10	2	8	93Tothb.30
1250.741000	500	010	10	2	9	000	11	2	10	93Tothb.31
1250.874700	500	010	10	0	10	000	11	1	11	93Tothb.32
1250.964500	500	010	10	0	10	000	11	0	11	93Tothb.33
1251.120100	500	010	10	1	10	000	11	1	11	93Tothb.34
1251.211000	500	010	10	1	10	000	11	0	11	93Tothb.35
1251.721260	500	010	4	2	3	000	5	3	2	93Tothb.36
1254.090000	500	010	4	1	4	000	5	2	3	93Tothb.37
1254.528000	500	010	9	1	8	000	10	2	9	93Tothb.38
1257.467040	500	010	4	2	2	000	5	3	3	93Tothb.39
1258.877500	500	010	9	1	8	000	10	1	9	93Tothb.40
1262.912900	500	010	8	1	7	000	9	2	8	93Tothb.41
1263.361310	500	010	8	2	6	000	9	2	7	93Tothb.42
1263.526700	500	010	9	2	8	000	10	2	9	93Tothb.43
1264.183100	500	010	9	0	9	000	10	1	10	93Tothb.44
1264.361300	500	010	9	0	9	000	10	0	10	93Tothb.45
1264.648600	500	010	9	1	9	000	10	1	10	93Tothb.46
1264.826600	500	010	9	1	9	000	10	0	10	93Tothb.47
1266.419000	500	010	11	0	11	000	11	1	10	93Tothb.48
1268.579280	500	010	3	2	2	000	4	3	1	93Tothb.49
1270.051000	500	010	8	1	7	000	9	1	8	93Tothb.50
1270.445800	500	010	7	1	6	000	8	2	7	93Tothb.51
1270.512250	500	010	3	2	1	000	4	3	2	93Tothb.52
1272.021800	500	010	8	3	5	000	9	3	6	93Tothb.53
1276.536940	500	010	8	2	7	000	9	2	8	93Tothb.54
1277.236400	500	010	8	0	8	000	9	1	9	93Tothb.55
1277.584900	500	010	8	0	8	000	9	0	9	93Tothb.56
1277.604500	500	010	6	1	5	000	7	2	6	93Tothb.57
1277.765400	500	010	7	2	5	000	8	2	6	93Tothb.58
1278.105610	500	010	8	1	8	000	9	1	9	93Tothb.59
1278.453870	500	010	8	1	8	000	9	0	9	93Tothb.60
1280.061300	500	010	8	3	6	000	9	3	7	93Tothb.61
1280.488100	500	010	3	1	3	000	4	2	2	93Tothb.62
1281.538930	500	010	7	1	6	000	8	1	7	93Tothb.63
1281.666000	500	010	10	0	10	000	10	1	9	93Tothb.64
1283.676000	500	010	8	2	7	000	9	1	8	93Tothb.65
1284.551660	500	010	2	2	1	000	3	3	0	93Tothb.66
1284.935000	500	010	2	2	0	000	3	3	1	93Tothb.67
1285.012700	500	010	5	1	4	000	6	2	5	93Tothb.68
1289.277500	500	010	7	3	4	000	8	3	5	93Tothb.69
1289.840800	500	010	7	2	6	000	8	2	7	93Tothb.70
1289.933320	500	010	7	0	7	000	8	1	8	93Tothb.71
1289.969000	500	010	8	4	4	000	9	4	5	93Tothb.72
1290.587200	500	010	9	1	9	000	9	2	8	93Tothb.73
1290.600250	500	010	7	0	7	000	8	0	8	93Tothb.74
1291.514860	500	010	7	1	7	000	8	1	8	93Tothb.75
1292.181630	500	010	7	1	7	000	8	0	8	93Tothb.76
1293.207000	500	010	6	2	4	000	7	2	5	93Tothb.77
1293.232500	500	010	4	1	3	000	5	2	4	93Tothb.78
1293.770100	500	010	6	1	5	000	7	1	6	93Tothb.79
1294.549200	500	010	7	3	5	000	8	3	6	93Tothb.80
1296.237000	500	010	5	4	2	000	5	5	1	93Tothb.81
1296.251600	500	010	5	4	1	000	5	5	0	93Tothb.82
1297.009500	500	010	6	4	3	000	6	5	2	93Tothb.83
1297.083200	500	010	6	4	2	000	6	5	1	93Tothb.84
1297.981300	500	010	7	4	4	000	7	5	3	93Tothb.85
1298.249000	500	010	7	4	3	000	7	5	2	93Tothb.86
1299.134200	500	010	8	4	5	000	8	5	4	93Tothb.87
1300.934600	500	010	7	2	6	000	8	1	7	93Tothb.88
1302.137500	500	010	6	0	6	000	7	1	7	93Tothb.89
1302.661220	500	010	3	1	2	000	4	2	3	93Tothb.90
1302.904220	500	010	8	1	8	000	8	2	7	93Tothb.91
1303.146490	500	010	2	1	2	000	3	2	1	93Tothb.92
1303.381880	500	010	6	0	6	000	7	0	7	93Tothb.93
1303.483600	500	010	6	2	5	000	7	2	6	93Tothb.94
1304.020000	500	010	10	2	9	000	10	3	8	93Tothb.95
1304.915820	500	010	6	1	6	000	7	1	7	93Tothb.96
1306.052500	500	010	7	4	3	000	8	4	4	93Tothb.97
1306.160220	500	010	6	1	6	000	7	0	7	93Tothb.98
1306.410500	500	010	6	3	3	000	7	3	4	93Tothb.99
1306.601000	500	010	7	4	4	000	8	4	5	93Tothb.100
1307.000610	500	010	5	1	4	000	6	1	5	93Tothb.101
1309.408910	500	010	6	3	4	000	7	3	5	93Tothb.102
1309.513840	500	010	5	2	3	000	6	2	4	93Tothb.103
1311.765000	500	010	9	2	8	000	9	3	7	93Tothb.104
1311.927400	500	010	4	3	2	000	4	4	1	93Tothb.105
1312.114480	500	010	4	3	1	000	4	4	0	93Tothb.106
1312.473600	500	010	5	3	3	000	5	4	2	93Tothb.107
1313.018400	500	010	6	3	4	000	6	4	3	93Tothb.108
1313.129200	500	010	8	0	8	000	8	1	7	93Tothb.109
1313.197900	500	010	5	3	2	000	5	4	1	93Tothb.110
1313.340700	500	010	8	3	6	000	8	4	5	93Tothb.111
1313.386500	500	010	7	3	5	000	7	4	4	93Tothb.112
1313.530400	500	010	2	1	1	000	3	2	2	93Tothb.113
1313.715770	500	010	5	0	5	000	6	1	6	93Tothb.114
1314.291900	500	010	7	1	7	000	7	2	6	93Tothb.115
1315.081500	500	010	6	3	3	000	6	4	2	93Tothb.116
1315.956280	500	010	5	0	5	000	6	0	6	93Tothb.117
1317.489700	500	010	5	2	4	000	6	2	5	93Tothb.118
1318.135000	500	010	8	2	7	000	8	3	6	93Tothb.119
1318.156600	500	010	7	3	4	000	7	4	3	93Tothb.120
1318.358240	500	010	5	1	5	000	6	1	6	93Tothb.121
1319.649300	500	010	6	2	5	000	7	1	6	93Tothb.122
1320.598750	500	010	5	1	5	000	6	0	6	93Tothb.123
1321.232300	500	010	4	1	3	000	5	1	4	93Tothb.124
1321.807460	500	010	6	4	2	000	7	4	3	93Tothb.125
1322.026800	500	010	6	4	3	000	7	4	4	93Tothb.126
1322.699590	500	010	1	1	1	000	2	2	0	93Tothb.127
1322.726500	500	010	8	3	5	000	8	4	4	93Tothb.128
1323.087810	500	010	7	2	6	000	7	3	5	93Tothb.129
1323.113680	500	010	5	3	2	000	6	3	3	93Tothb.130
1324.532800	500	010	6	1	6	000	6	2	5	93Tothb.131
1324.559750	500	010	5	3	3	000	6	3	4	93Tothb.132
1324.650530	500	010	4	0	4	000	5	1	5	93Tothb.133
1325.945660	500	010	1	1	0	000	2	2	1	93Tothb.134
1326.408420	500	010	4	2	2	000	5	2	3	93Tothb.135
1326.681550	500	010	6	2	5	000	6	3	4	93Tothb.136
1326.696000	500	010	7	2	6	000	6	4	3	93Tothb.137
1328.483720	500	010	4	0	4	000	5	0	5	93Tothb.138
1328.610000	500	010	10	1	9	000	10	2	8	93Tothb.139
1328.876100	500	010	7	0	7	000	7	1	6	93Tothb.140
1329.055760	500	010	5	2	4	000	5	3	3	93Tothb.141
1330.424550	500	010	4	2	3	000	4	3	2	93Tothb.142
1331.049020	500	010	3	2	2	000	3	3	1	93Tothb.143
1331.855720	500	010	4	2	3	000	5	2	4	93Tothb.144
1331.897180	500	010	4	1	4	000	5	1	5	93Tothb.145
1332.759900	500	010	3	2	1	000	3	3	0	93Tothb.146
1333.438340	500	010	5	1	5	000	5	2	4	93Tothb.147
1335.190860	500	010	3	0	3	000	4	1	4	93Tothb.148
1335.218500	500	010	4	2	2	000	4	3	1	93Tothb.149
1335.730400	500	010	4	1	4	000	5	0	5	93Tothb.150
1336.311400	500	010	3	1	2	000	4	1	3	93Tothb.151
1336.972600	500	010	8	2	7	000	7	4	4	93Tothb.152
1337.389400	500	010	5	4	1	000	6	4	2	93Tothb.153
1337.455500	500	010	5	4	2	000	6	4	3	93Tothb.154
1339.114500	500	010	5	2	3	000	5	3	2	93Tothb.155
1339.338400	500	010	4	3	1	000	5	3	2	93Tothb.156
1339.477300	500	010	5	2	4	000	6	1	5	93Tothb.157
1339.906350	500	010	4	3	2	000	5	3	3	93Tothb.158
1340.876330	500	010	4	1	4	000	4	2	3	93Tothb.159
1341.306700	500	010	3	0	3	000	4	0	4	93Tothb.160
1341.733600	500	010	9	1	8	000	9	2	7	93Tothb.161
1342.304000	500	010	7	3	5	000	8	2	6	93Tothb.162
-1343.560110	500	010	3	2	1	000	4	2	2	93Tothb.163
1343.741900	500	010	6	0	6	000	6	1	5	93Tothb.164
1344.075000	500	010	6	2	4	000	6	3	3	93Tothb.165
1345.579610	500	010	3	1	3	000	4	1	4	93Tothb.166
1345.876820	500	010	2	0	2	000	3	1	3	93Tothb.167
1346.520700	500	010	6	1	6	000	6	1	5	93Tothb.168
1346.555620	500	010	3	2	2	000	4	2	3	93Tothb.169
1349.206000	500	010	7	2	5	000	7	3	4	93Tothb.170
1351.157400	500	010	2	1	2	000	2	2	1	93Tothb.171
1351.695530	500	010	3	1	3	000	4	0	4	93Tothb.172
1352.047750	500	010	2	1	1	000	3	1	2	93Tothb.173
1352.265000	500	010	8	1	7	000	8	2	6	93Tothb.174
1352.872700	500	010	4	4	0	000	5	4	1	93Tothb.175
1352.887000	500	010	4	4	1	000	5	4	2	93Tothb.176
1353.378600	500	010	8	2	6	000	8	3	5	93Tothb.177
1354.809800	500	010	2	0	2	000	3	0	3	93Tothb.178
1355.194400	500	010	3	3	0	000	4	3	1	93Tothb.179
1355.360700	500	010	3	3	1	000	4	3	2	93Tothb.180
1355.555000	500	010	9	2	7	000	9	3	6	93Tothb.181
1356.795500	500	010	5	0	5	000	5	1	4	93Tothb.182
1357.339250	500	010	1	0	1	000	2	1	2	93Tothb.183
1359.429580	500	010	2	1	2	000	3	1	3	93Tothb.184
1359.504570	500	010	2	1	1	000	2	2	0	93Tothb.185
1359.700340	500	010	7	1	6	000	7	2	5	93Tothb.186
1359.855600	500	010	4	2	3	000	5	1	4	93Tothb.187
1360.211440	500	010	2	2	0	000	3	2	1	93Tothb.188
1361.437000	500	010	5	1	5	000	5	1	4	93Tothb.189
1361.546550	500	010	2	2	1	000	3	2	2	93Tothb.190
1362.430920	500	010	3	1	2	000	3	2	1	93Tothb.191
1364.012500	500	010	6	1	5	000	6	2	4	93Tothb.192
1364.749120	500	010	4	1	3	000	4	2	2	93Tothb.193
1364.764000	500	010	10	1	10	000	9	2	7	93Tothb.194
1365.520250	500	010	5	1	4	000	5	2	3	93Tothb.195
1365.881000	500	010	8	2	7	000	8	2	6	93Tothb.196
1367.279450	500	010	4	0	4	000	4	1	3	93Tothb.197
1368.277250	500	010	1	1	0	000	2	1	1	93Tothb.198
1368.362640	500	010	2	1	2	000	3	0	3	93Tothb.199
1369.157150	500	010	1	0	1	000	2	0	2	93Tothb.200
1370.051300	500	010	0	0	0	000	1	1	1	93Tothb.201
1373.437150	500	010	1	1	1	000	2	1	2	93Tothb.202
1374.526500	500	010	4	1	4	000	4	1	3	93Tothb.203
1374.911870	500	010	3	0	3	000	3	1	2	93Tothb.204
1379.094000	500	010	7	2	6	000	7	2	5	93Tothb.205
1379.936190	500	010	2	0	2	000	2	1	1	93Tothb.206
1380.205220	500	010	3	2	2	000	4	1	3	93Tothb.207
1382.873730	500	010	1	0	1	000	1	1	0	93Tothb.208
1384.213760	500	010	0	0	0	000	1	0	1	93Tothb.209
1385.255110	500	010	1	1	1	000	2	0	2	93Tothb.210
1385.300800	500	010	3	1	3	000	3	1	2	93Tothb.211
1389.891000	500	010	6	2	5	000	6	2	4	93Tothb.212
1392.157000	500	010	8	1	8	000	7	2	5	93Tothb.213
1392.673000	500	010	4	2	3	000	3	3	0	93Tothb.214
1392.758400	500	010	3	1	3	000	2	2	0	93Tothb.215
1393.488950	500	010	2	1	2	000	2	1	1	93Tothb.216
1397.996700	500	010	5	2	4	000	5	2	3	93Tothb.217
1398.971830	500	010	1	1	1	000	1	1	0	93Tothb.218
1400.065000	500	010	2	2	1	000	3	1	2	93Tothb.219
1400.645400	500	010	4	1	4	000	3	2	1	93Tothb.220
1403.372500	500	010	4	2	3	000	4	2	2	93Tothb.221
1404.216100	500	010	4	2	2	000	5	1	5	93Tothb.222
1404.560370	500	010	1	1	0	000	1	1	1	93Tothb.223
1406.325240	500	010	3	2	2	000	3	2	1	93Tothb.224
1406.369000	500	010	6	3	4	000	5	4	1	93Tothb.225
1406.808000	500	010	5	2	4	000	4	3	1	93Tothb.226
1407.520770	500	010	2	2	1	000	2	2	0	93Tothb.227
1408.222180	500	010	2	2	0	000	2	2	1	93Tothb.228
1408.529400	500	010	6	3	3	000	5	4	2	93Tothb.229
1408.551600	500	010	3	2	1	000	4	1	4	93Tothb.230
1409.040000	500	010	8	3	6	000	8	3	5	93Tothb.231
1409.755200	500	010	3	2	1	000	3	2	2	93Tothb.232
1410.242000	500	010	2	1	1	000	2	1	2	93Tothb.233
1410.441400	500	010	3	1	2	000	2	2	1	93Tothb.234
1413.195500	500	010	4	2	2	000	4	2	3	93Tothb.235
1413.742000	500	010	7	3	5	000	7	3	4	93Tothb.236
1416.219070	500	010	2	0	2	000	1	1	1	93Tothb.237
1416.283800	500	010	6	3	4	000	6	3	3	93Tothb.238
1417.370600	500	010	5	3	3	000	5	3	2	93Tothb.239
1417.608650	500	010	3	3	1	000	3	3	0	93Tothb.240
1417.659000	500	010	4	3	2	000	4	3	1	93Tothb.241
1417.664700	500	010	3	3	0	000	3	3	1	93Tothb.242
1418.041350	500	010	4	3	1	000	4	3	2	93Tothb.243
1418.714400	500	010	3	1	2	000	3	1	3	93Tothb.244
1418.722690	500	010	1	1	0	000	1	0	1	93Tothb.245
1420.615500	500	010	6	3	3	000	6	3	4	93Tothb.246
1422.060090	500	010	2	1	1	000	2	0	2	93Tothb.247
1423.948800	500	010	7	3	4	000	7	3	5	93Tothb.248
1427.647300	500	010	3	1	2	000	3	0	3	93Tothb.249
1428.308600	500	010	3	3	1	000	4	2	2	93Tothb.250
1429.615000	500	010	8	3	5	000	8	3	6	93Tothb.251
1429.771950	500	010	2	1	2	000	1	1	1	93Tothb.252
1430.381650	500	010	2	0	2	000	1	0	1	93Tothb.253
1430.562800	500	010	4	4	0	000	4	4	1	93Tothb.254
1430.805300	500	010	5	4	2	000	5	4	1	93Tothb.255
1430.837500	500	010	5	4	1	000	5	4	2	93Tothb.256
1431.044380	500	010	4	1	3	000	3	2	2	93Tothb.257
1431.052900	500	010	6	4	3	000	6	4	2	93Tothb.258
1431.193000	500	010	7	4	4	000	7	4	3	93Tothb.259
1431.210200	500	010	6	4	2	000	6	4	3	93Tothb.260
1431.774400	500	010	7	4	3	000	7	4	4	93Tothb.261
1433.106390	500	010	3	0	3	000	2	1	2	93Tothb.262
1435.776790	500	010	2	1	1	000	1	1	0	93Tothb.263
1435.956350	500	010	4	1	3	000	4	0	4	93Tothb.264
1439.829900	500	010	6	2	4	000	5	3	3	93Tothb.265
1440.745700	500	010	9	2	8	000	8	3	5	93Tothb.266
1443.495200	500	010	3	1	3	000	2	1	2	93Tothb.267
1443.934500	500	010	2	1	2	000	1	0	1	93Tothb.268
1444.924390	500	010	3	0	3	000	2	0	2	93Tothb.269
1446.070600	500	010	5	5	0	000	5	5	1	93Tothb.270
1446.369900	500	010	6	5	1	000	6	5	2	93Tothb.271
1446.844920	500	010	4	2	2	000	4	1	3	93Tothb.272
1447.160880	500	010	5	1	4	000	5	0	5	93Tothb.273
1447.249110	500	010	5	2	3	000	5	1	4	93Tothb.274
1448.272410	500	010	3	2	1	000	3	1	2	93Tothb.275
1449.682510	500	010	4	0	4	000	3	1	3	93Tothb.276
1450.251600	500	010	6	2	4	000	6	1	5	93Tothb.277
1450.553900	500	010	2	2	0	000	2	1	1	93Tothb.278
1452.306820	500	010	5	1	4	000	4	2	3	93Tothb.279
1452.773350	500	010	3	1	2	000	2	1	1	93Tothb.280
1454.336100	500	010	3	2	2	000	2	2	1	93Tothb.281
1455.729320	500	010	3	2	1	000	2	2	0	93Tothb.282
1456.377500	500	010	7	2	5	000	7	1	6	93Tothb.283
1458.615660	500	010	4	0	4	000	3	0	3	93Tothb.284
1460.908660	500	010	6	1	5	000	6	0	6	93Tothb.285
1462.608200	500	010	3	2	2	000	3	1	3	93Tothb.286
1463.572600	500	010	6	6	0	000	6	6	1	93Tothb.287
1465.403720	500	010	5	0	5	000	4	1	4	93Tothb.288
1465.862350	500	010	4	1	4	000	3	0	3	93Tothb.289
1465.895500	500	010	8	2	6	000	8	1	7	93Tothb.290
1468.463700	500	010	4	2	3	000	4	1	4	93Tothb.291
1469.561300	500	010	4	1	3	000	3	1	2	93Tothb.292
1469.667380	500	010	4	2	3	000	3	2	2	93Tothb.293
1470.046200	500	010	5	1	5	000	4	1	4	93Tothb.294
1471.519650	500	010	5	0	5	000	4	0	4	93Tothb.295
1472.964880	500	010	4	2	2	000	3	2	1	93Tothb.296
1473.749000	500	010	6	1	5	000	5	2	4	93Tothb.297
1475.804570	500	010	5	2	4	000	5	1	5	93Tothb.298
1476.162200	500	010	5	1	5	000	4	0	4	93Tothb.299
1477.368200	500	010	8	3	5	000	8	2	6	93Tothb.300
1478.686000	500	010	9	2	7	000	9	1	8	93Tothb.301
1479.956200	500	010	7	3	4	000	7	2	5	93Tothb.302
1480.069370	500	010	6	0	6	000	5	1	5	93Tothb.303
1480.128300	500	010	4	3	2	000	3	3	1	93Tothb.304
1480.288000	500	010	4	3	1	000	3	3	0	93Tothb.305
1482.847610	500	010	6	1	6	000	5	1	5	93Tothb.306
1483.792980	500	010	2	2	1	000	1	1	0	93Tothb.307
1483.825500	500	010	6	3	3	000	6	2	4	93Tothb.308
1483.903000	500	010	6	0	6	000	5	0	5	93Tothb.309
1484.547200	500	010	6	2	5	000	6	1	6	93Tothb.310
1484.783400	500	010	5	2	4	000	4	2	3	93Tothb.311
1485.956800	500	010	5	1	4	000	4	1	3	93Tothb.312
1486.680890	500	010	6	1	6	000	5	0	5	93Tothb.313
1486.836820	500	010	2	2	0	000	1	1	1	93Tothb.314
1487.810400	500	010	5	3	2	000	5	2	3	93Tothb.315
1488.049600	500	010	8	2	6	000	7	3	5	93Tothb.316
1490.767000	500	010	5	2	3	000	4	2	2	93Tothb.317
1490.989200	500	010	4	3	1	000	4	2	2	93Tothb.318
1492.600700	500	010	8	1	7	000	8	0	8	93Tothb.319
1492.940400	500	010	3	3	0	000	3	2	1	93Tothb.320
1493.773740	500	010	7	0	7	000	6	1	6	93Tothb.321
1494.535800	500	010	7	2	6	000	7	1	7	93Tothb.322
1494.603750	500	010	3	3	1	000	3	2	2	93Tothb.323
1494.757690	500	010	7	1	6	000	6	2	5	93Tothb.324
1495.355180	500	010	7	1	7	000	6	1	6	93Tothb.325
1495.634620	500	010	4	3	2	000	4	2	3	93Tothb.326
1496.014280	500	010	7	0	7	000	6	0	6	93Tothb.327
1496.073600	500	010	5	3	3	000	4	3	2	93Tothb.328
1496.620700	500	010	5	3	2	000	4	3	1	93Tothb.329
1496.667720	500	010	3	2	2	000	2	1	1	93Tothb.330
1497.505000	500	010	5	3	3	000	5	2	4	93Tothb.331
1497.595630	500	010	7	1	7	000	6	0	6	93Tothb.332
1499.626860	500	010	6	2	5	000	5	2	4	93Tothb.333
1500.474100	500	010	6	3	4	000	6	2	5	93Tothb.334
1500.997000	500	010	2	2	0	000	1	0	1	93Tothb.335
1501.748500	500	010	6	1	5	000	5	1	4	93Tothb.336
1504.750000	500	010	7	3	5	000	7	2	6	93Tothb.337
1506.466850	500	010	3	2	1	000	2	1	2	93Tothb.338
1506.730300	500	010	8	0	8	000	7	1	7	93Tothb.339
1507.598500	500	010	8	1	8	000	7	1	7	93Tothb.340
1508.184770	500	010	4	2	3	000	3	1	2	93Tothb.341
1508.723900	500	010	9	1	8	000	9	0	9	93Tothb.342
1508.771330	500	010	6	2	4	000	5	2	3	93Tothb.343
1508.843690	500	010	8	1	8	000	7	0	7	93Tothb.344
1512.039900	500	010	6	3	4	000	5	3	3	93Tothb.345
1513.150000	500	010	9	2	7	000	8	3	6	93Tothb.346
1513.426400	500	010	6	3	3	000	5	3	2	93Tothb.347
1514.152850	500	010	7	2	6	000	6	2	5	93Tothb.348
1514.711700	500	010	8	1	7	000	7	2	6	93Tothb.349
1516.744000	500	010	7	1	6	000	6	1	5	93Tothb.350
1518.433430	500	010	5	2	4	000	4	1	3	93Tothb.351
1519.142880	500	010	9	0	9	000	8	1	8	93Tothb.352
1519.608300	500	010	9	1	9	000	8	1	8	93Tothb.353
1519.809550	500	010	9	0	9	000	8	0	8	93Tothb.354
1520.275300	500	010	9	1	9	000	8	0	8	93Tothb.355
1524.275000	500	010	10	1	9	000	10	0	10	93Tothb.356
1524.500700	500	010	6	4	3	000	5	4	2	93Tothb.357
1524.559000	500	010	6	4	2	000	5	4	1	93Tothb.358
1526.619420	500	010	7	2	5	000	6	2	4	93Tothb.359
1527.626630	500	010	6	2	5	000	5	1	4	93Tothb.360
1527.947380	500	010	7	3	5	000	6	3	4	93Tothb.361
1528.335400	500	010	8	2	7	000	7	2	6	93Tothb.362
1529.248020	500	010	4	2	2	000	3	1	3	93Tothb.363
1529.734000	500	010	10	2	9	000	10	1	10	93Tothb.364
1530.823600	500	010	7	3	4	000	6	3	3	93Tothb.365
1530.876800	500	010	8	1	7	000	7	1	6	93Tothb.366
1531.160860	500	010	10	0	10	000	9	1	9	93Tothb.367
1531.405600	500	010	10	1	10	000	9	1	9	93Tothb.368
1531.508900	500	010	10	0	10	000	9	0	9	93Tothb.369
1531.754000	500	010	10	1	10	000	9	0	9	93Tothb.370
1532.130000	500	010	7	4	3	000	7	3	4	93Tothb.371
1534.478000	500	010	6	4	2	000	6	3	3	93Tothb.372
1535.734800	500	010	5	4	1	000	5	3	2	93Tothb.373
1536.140500	500	010	7	2	6	000	6	1	5	93Tothb.374
1536.297800	500	010	4	4	0	000	4	3	1	93Tothb.375
1536.479000	500	010	5	4	2	000	5	3	3	93Tothb.376
1536.487700	500	010	4	4	1	000	4	3	2	93Tothb.377
1537.931000	500	010	8	4	5	000	8	3	6	93Tothb.378
1539.267000	500	010	6	5	2	000	5	5	1	93Tothb.379
1540.577780	500	010	3	3	1	000	2	2	0	93Tothb.380
1540.593100	500	010	7	4	4	000	6	4	3	93Tothb.381
1540.801000	500	010	7	4	3	000	6	4	2	93Tothb.382
1540.951350	500	010	3	3	0	000	2	2	1	93Tothb.383
1542.879220	500	010	11	0	11	000	10	1	10	93Tothb.384
1543.009000	500	010	11	1	11	000	10	1	10	93Tothb.385
1543.059000	500	010	11	0	11	000	10	0	10	93Tothb.386
1543.185040	500	010	11	1	11	000	10	0	10	93Tothb.387
1543.711100	500	010	8	3	6	000	7	3	5	93Tothb.388
1544.056800	500	010	8	2	6	000	7	2	5	93Tothb.389
1544.267500	500	010	9	1	8	000	8	1	7	93Tothb.390
1544.500300	500	010	8	2	7	000	7	1	6	93Tothb.391
1548.807100	500	010	8	3	5	000	7	3	4	93Tothb.392
1550.037600	500	010	10	1	9	000	9	2	8	93Tothb.393
1553.263300	500	010	9	2	8	000	8	1	7	93Tothb.394
1555.404170	500	010	4	3	2	000	3	2	1	93Tothb.395
1555.673000	500	010	10	2	9	000	9	2	8	93Tothb.396
1555.857300	500	010	5	2	3	000	4	1	4	93Tothb.397
1557.284600	500	010	4	3	1	000	3	2	2	93Tothb.398
1560.902600	500	010	9	2	7	000	8	2	6	93Tothb.399
1562.808750	500	010	10	2	9	000	9	1	8	93Tothb.400
1569.021650	500	010	5	3	3	000	4	2	2	93Tothb.401
1574.597250	500	010	5	3	2	000	4	2	3	93Tothb.402
1580.403000	500	010	6	5	1	000	6	4	2	93Tothb.403
1580.485000	500	010	6	5	2	000	6	4	3	93Tothb.404
1580.639000	500	010	5	5	0	000	5	4	1	93Tothb.405
1580.650000	500	010	5	5	1	000	5	4	2	93Tothb.406
1580.982000	500	010	6	3	4	000	5	2	3	93Tothb.407
1586.579100	500	010	6	2	4	000	5	1	5	93Tothb.408
1591.157600	500	010	7	3	5	000	6	2	4	93Tothb.409
1593.561060	500	010	6	3	3	000	5	2	4	93Tothb.410
1598.735480	500	010	4	4	1	000	3	3	0	93Tothb.411
1598.765470	500	010	4	4	0	000	3	3	1	93Tothb.412
1599.718200	500	010	8	3	6	000	7	2	5	93Tothb.413
1614.228500	500	010	5	4	2	000	4	3	1	93Tothb.414
1614.438020	500	010	5	4	1	000	4	3	2	93Tothb.415
1615.012700	500	010	7	3	4	000	6	2	5	93Tothb.416
1629.398000	500	010	6	4	3	000	5	3	2	93Tothb.417
1630.232300	500	010	6	4	2	000	5	3	3	93Tothb.418
1639.814000	500	010	8	3	5	000	7	2	6	93Tothb.419
1646.336300	500	010	7	4	3	000	6	3	4	93Tothb.420
1657.118800	500	010	8	4	5	000	7	3	4	93Tothb.421
1658.331300	500	010	5	5	0	000	4	4	1	93Tothb.422
1673.844900	500	010	6	5	2	000	5	4	1	93Tothb.423
1673.862900	500	010	6	5	1	000	5	4	2	93Tothb.424