0 0 0 0 0 1 e        0.0000000000  0.000e+00  19
2 0 0 0 0 1 e        2.0806929733  1.131e-03  41
4 0 0 0 0 1 e        6.9364202022  1.208e-03  43
6 0 0 0 0 1 e       14.5665433009  1.281e-03  44
8 0 0 0 0 1 e       24.9711813311  1.349e-03  43
10 0 0 0 0 1 e      38.1501514599  1.414e-03  46
12 0 0 0 0 1 e      54.1031231794  1.414e-03  43
14 0 0 0 0 1 e      72.8298644660  1.414e-03  45
16 0 0 0 0 1 e      94.3301856816  1.414e-03  48
18 0 0 0 0 1 e     118.6040085197  1.414e-03  48
20 0 0 0 0 1 e     145.6507406111  1.414e-03  45
22 0 0 0 0 1 e     175.4703150356  1.414e-03  46
24 0 0 0 0 1 e     208.0616024720  1.414e-03  48
26 0 0 0 0 1 e     243.4245258269  1.414e-03  47
28 0 0 0 0 1 e     281.5587054298  1.414e-03  46
30 0 0 0 0 1 e     322.4633582204  1.414e-03  45
32 0 0 0 0 1 e     366.1382825811  1.414e-03  47
34 0 0 0 0 1 e     412.5823034876  1.414e-03  42
36 0 0 0 0 1 e     461.7948965951  1.414e-03  47
38 0 0 0 0 1 e     513.7754768714  1.414e-03  42
40 0 0 0 0 1 e     568.5233900687  1.414e-03  42
42 0 0 0 0 1 e     626.0377232280  1.414e-03  45
1 0 1 1 0 1 e      638.8111308973  4.157e-03   6
2 0 1 1 0 1 f      640.1999274476  5.000e-03  10
3 0 1 1 0 1 e      642.2829377521  4.179e-03  13
4 0 1 1 0 1 f      645.0688709913  5.000e-03  13
5 0 1 1 0 1 e      648.5331848892  4.179e-03  18
6 0 1 1 0 1 f      652.7183932462  5.000e-03  20
7 0 1 1 0 1 e      657.5604388681  4.200e-03  21
8 0 1 1 0 1 f      663.1495839418  5.000e-03  20
9 0 1 1 0 1 e      669.3648563307  4.221e-03  21
10 0 1 1 0 1 f     676.3615573719  5.000e-03  21
11 0 1 1 0 1 e     683.9466278352  4.243e-03  22
44 0 0 0 0 1 e     686.3172963196  1.414e-03  35
12 0 1 1 0 1 f     692.3550030111  5.018e-03  18
13 0 1 1 0 1 e     701.3045972736  4.243e-03  19
14 0 1 1 0 1 f     711.1295204910  5.036e-03  18
15 0 1 1 0 1 e     721.4402153124  4.243e-03  20
16 0 1 1 0 1 f     732.6845329074  5.054e-03  20
17 0 1 1 0 1 e     744.3519044885  4.243e-03  22
46 0 0 0 0 1 e     749.3615851596  1.414e-03  32
18 0 1 1 0 1 f     757.0197500840  5.071e-03  17
19 0 1 1 0 1 e     770.0395937964  4.243e-03  18
20 0 1 1 0 1 f     784.1353184168  5.089e-03  16
21 0 1 1 0 1 e     798.5024723430  4.243e-03  19
22 0 1 1 0 1 f     814.0298029032  5.107e-03  17
48 0 0 0 0 1 e     815.1696106988  1.414e-03  33
23 0 1 1 0 1 e     829.7417168567  4.243e-03  19
24 0 1 1 0 1 f     846.7044958472  5.124e-03  15
25 0 1 1 0 1 e     863.7550200110  4.243e-03  18
26 0 1 1 0 1 f     882.1572270654  5.316e-03  15
50 0 0 0 0 1 e     883.7401532227  1.414e-03  30
27 0 1 1 0 1 e     900.5431660318  4.264e-03  18
28 0 1 1 0 1 f     920.3877962864  5.333e-03  13
29 0 1 1 0 1 e     940.1037229681  4.243e-03  18
52 0 0 0 0 1 e     955.0733961717  1.414e-03  30
30 0 1 1 0 1 f     961.3956259509  5.350e-03  17
31 0 1 1 0 1 e     982.4387443543  4.264e-03  21
32 0 1 1 0 1 f    1005.1805068177  5.534e-03  16
33 0 1 1 0 1 e    1027.5459017549  4.243e-03  18
54 0 0 0 0 1 e    1029.1663848238  1.414e-03  24
34 0 1 1 0 1 f    1051.7415283849  5.711e-03  17
35 0 1 1 0 1 e    1075.4242683335  4.243e-03  17
36 0 1 1 0 1 f    1101.0782059550  5.884e-03  12
56 0 0 0 0 1 e    1106.0198912759  1.414e-03  24
37 0 1 1 0 1 e    1126.0741343943  4.243e-03  16
38 0 1 1 0 1 f    1153.1896629644  6.051e-03  15
39 0 1 1 0 1 e    1179.4953885636  4.243e-03  18
58 0 0 0 0 1 e    1185.6313737925  1.414e-03  15
40 0 1 1 0 1 f    1208.0760185050  6.214e-03  14
0 1 0 0 0 2 e     1220.3838453308  1.000e-03   4
2 1 0 0 0 2 e     1222.4650772323  1.000e-03   7
4 1 0 0 0 2 e     1227.3212508607  1.000e-03   6
6 1 0 0 0 2 e     1234.9522842482  1.000e-03   6
41 0 1 1 0 1 e    1235.6857428255  4.243e-03  12
8 1 0 0 0 2 e     1245.3580486037  1.000e-03   7
10 1 0 0 0 2 e    1258.5383683481  1.000e-03   8
42 0 1 1 0 1 f    1265.7341843416  6.373e-03  12
60 0 0 0 0 1 e    1268.0002548928  1.414e-03  15
12 1 0 0 0 2 e    1274.4930211210  1.000e-03   9
14 1 0 0 0 2 e    1293.2217378400  1.000e-03   9
43 0 1 1 0 1 e    1294.6446958990  4.243e-03  11
16 1 0 0 0 2 e    1314.7242027309  1.000e-03  10
0 1 0 0 0 1 e     1318.6962993873  1.000e-03   3
2 1 0 0 0 1 e     1320.7784312818  1.000e-03   4
4 1 0 0 0 1 e     1325.6367136346  1.000e-03   4
44 0 1 1 0 1 f    1326.1659903612  6.528e-03  10
6 1 0 0 0 1 e     1333.2710855407  1.000e-03   5
18 1 0 0 0 2 e    1339.0000533890  1.000e-03   8
8 1 0 0 0 1 e     1343.6814512761  1.000e-03   4
62 0 0 0 0 1 e    1353.1254764799  1.414e-03  12
45 0 1 1 0 1 e    1356.3726818014  4.243e-03   8
10 1 0 0 0 1 e    1356.8676803383  1.000e-03   5
20 1 0 0 0 2 e    1366.0488808313  1.000e-03   9
12 1 0 0 0 1 e    1372.8296074529  1.000e-03   6
46 0 1 1 0 1 f    1389.3668403612  6.680e-03   5
14 1 0 0 0 1 e    1391.5670325976  1.000e-03   5
22 1 0 0 0 2 e    1395.8702295804  1.000e-03   7
16 1 0 0 0 1 e    1413.0797210392  1.000e-03   6
47 0 1 1 0 1 e    1420.8676166717  4.243e-03  11
24 1 0 0 0 2 e    1428.4635977151  1.000e-03   9
18 1 0 0 0 1 e    1437.3674033464  1.000e-03   4
64 0 0 0 0 1 e    1441.0058648008  1.414e-03   8
48 0 1 1 0 1 f    1455.3406438738  6.828e-03   8
26 1 0 0 0 2 e    1463.8284369821  1.000e-03   8
20 1 0 0 0 1 e    1464.4297754401  1.000e-03   6
49 0 1 1 0 1 e    1488.1288812277  4.243e-03  10
22 1 0 0 0 1 e    1494.2664986378  1.000e-03   6
28 1 0 0 0 2 e    1501.9641528753  1.000e-03   7
24 1 0 0 0 1 e    1526.8771996869  1.000e-03   6
66 0 0 0 0 1 e    1531.6401113477  1.414e-03   8
30 1 0 0 0 2 e    1542.8701047340  1.000e-03   8
51 0 1 1 0 1 e    1558.1545172065  4.243e-03   6
26 1 0 0 0 1 e    1562.2614708380  1.000e-03   5
32 1 0 0 0 2 e    1586.5456058489  1.000e-03   8
52 0 1 1 0 1 f    1595.5958638304  5.000e-03   6
28 1 0 0 0 1 e    1600.4188698682  1.000e-03   5
68 0 0 0 0 1 e    1625.0261909161  1.414e-03   5
53 0 1 1 0 1 e    1630.9458904978  4.243e-03   4
34 1 0 0 0 2 e    1632.9899235818  1.000e-03   6
30 1 0 0 0 1 e    1641.3489201823  1.000e-03   5
54 0 1 1 0 1 f    1669.8752276938  5.196e-03   6
36 1 0 0 0 2 e    1682.2022794790  1.000e-03   5
32 1 0 0 0 1 e    1685.0511108468  1.000e-03   5
55 0 1 1 0 1 e    1706.5031380498  4.243e-03   4
70 0 0 0 0 1 e    1721.1633691956  1.414e-03   5
34 1 0 0 0 1 e    1731.5248966763  1.000e-03   5
38 1 0 0 0 2 e    1734.1818494086  1.000e-03   6
56 0 1 1 0 1 f    1746.9207671697  5.000e-03   4
36 1 0 0 0 1 e    1780.7696983124  1.000e-03   6
57 0 1 1 0 1 e    1784.8198912759  4.243e-03   4
40 1 0 0 0 2 e    1788.9277636959  1.000e-03   4
72 0 0 0 0 1 e    1820.0502910770  1.415e-03   4
38 1 0 0 0 1 e    1832.7849022933  1.000e-03   4
42 1 0 0 0 2 e    1846.4391072598  1.000e-03   4
40 1 0 0 0 1 e    1887.5698611539  1.000e-03   5
44 1 0 0 0 2 e    1906.7149197695  1.000e-03   4
74 0 0 0 0 1 e    1921.6830910770  2.000e-03   4
42 1 0 0 0 1 e    1945.1238935159  1.000e-03   5
46 1 0 0 0 2 e    1969.7541958038  1.000e-03   4
44 1 0 0 0 1 e    2005.4462841831  1.000e-03   5
48 1 0 0 0 2 e    2035.5558850027  1.000e-03   4
46 1 0 0 0 1 e    2068.5362842424  1.000e-03   5
50 1 0 0 0 2 e    2104.1188922479  1.000e-03   4
48 1 0 0 0 1 e    2134.3931111756  1.000e-03   4
52 1 0 0 0 2 e    2175.4420778040  1.000e-03   4
50 1 0 0 0 1 e    2203.0159489902  1.000e-03   4
0 0 0 0 1 1 e     2247.2904116892  1.000e-03   2
1 0 0 0 1 1 e     2247.9788271229  1.000e-03  11
54 1 0 0 0 2 e    2249.5242575396  1.000e-03   4
3 0 0 0 1 1 e     2251.4208922692  1.000e-03  12
5 0 0 0 1 1 e     2257.6165566073  1.000e-03  14
7 0 0 0 1 1 e     2266.5657294141  1.000e-03  14
52 1 0 0 0 1 e    2274.4039482796  1.000e-03   4
9 0 0 0 1 1 e     2278.2682796378  1.000e-03  13
11 0 0 0 1 1 e    2292.7240359113  1.000e-03  13
13 0 0 0 1 1 e    2309.9327865449  1.000e-03  12
56 1 0 0 0 2 e    2326.3642031687  1.000e-03   4
15 0 0 0 1 1 e    2329.8942795388  1.000e-03  13
54 1 0 0 0 1 e    2348.5562263833  1.000e-03   4
17 0 0 0 1 1 e    2352.6082225763  1.000e-03  14
19 0 0 0 1 1 e    2378.0742830293  1.000e-03  12
58 1 0 0 0 2 e    2405.9606423809  1.000e-03   4
21 0 0 0 1 1 e    2406.2920879614  1.000e-03  14
56 1 0 0 0 1 e    2425.4718675579  1.000e-03   4
23 0 0 0 1 1 e    2437.2612241390  1.000e-03  14
25 0 0 0 1 1 e    2470.9812380196  1.000e-03  14
60 1 0 0 0 2 e    2488.3122590609  1.000e-03   3
58 1 0 0 0 1 e    2505.1499230956  1.000e-03   4
27 0 0 0 1 1 e    2507.4516357794  1.000e-03  13
29 0 0 0 1 1 e    2546.6718833056  1.000e-03  14
62 1 0 0 0 2 e    2573.4176948403  1.000e-03   2
60 1 0 0 0 1 e    2587.5894111344  1.000e-03   3
31 0 0 0 1 1 e    2588.6414062023  1.000e-03  12
33 0 0 0 1 1 e    2633.3595898027  1.000e-03  14
64 1 0 0 0 2 e    2661.2755456876  1.000e-03   2
62 1 0 0 0 1 e    2672.7893189246  1.000e-03   2
35 0 0 0 1 1 e    2680.8257791728  1.000e-03  14
37 0 0 0 1 1 e    2731.0392791246  1.000e-03  14
66 1 0 0 0 2 e    2751.8843655447  1.000e-03   2
64 1 0 0 0 1 e    2760.7485991991  1.000e-03   2
39 0 0 0 1 1 e    2783.9993542267  1.000e-03  13
41 0 0 0 1 1 e    2839.7052288099  1.000e-03  14
68 1 0 0 0 2 e    2845.2426653308  1.000e-03   2
66 1 0 0 0 1 e    2851.4661727146  1.000e-03   2
2 0 1 1 1 1 e     2876.0084544367  4.297e-03   2
3 0 1 1 1 1 f     2878.0804628057  5.099e-03   3
4 0 1 1 1 1 e     2880.8340864281  4.297e-03   3
5 0 1 1 1 1 f     2884.2917533789  5.099e-03   3
6 0 1 1 1 1 e     2888.4151707370  4.355e-03   3
7 0 1 1 1 1 f     2893.2649600470  5.099e-03   3
43 0 0 0 1 1 e    2898.1560869840  1.000e-03  14
8 0 1 1 1 1 e     2898.7528779546  4.317e-03   4
9 0 1 1 1 1 f     2904.9977348118  5.099e-03   4
10 0 1 1 1 1 e    2911.8465509313  4.338e-03   3
11 0 1 1 1 1 f    2919.4903038729  5.099e-03   4
12 0 1 1 1 1 e    2927.6970345135  4.359e-03   4
13 0 1 1 1 1 f    2936.7437104910  5.166e-03   1
70 1 0 0 0 2 e    2941.3489133550  1.000e-03   2
68 1 0 0 0 1 e    2944.9409282713  1.001e-03   2
14 0 1 1 1 1 e    2946.3042993355  4.359e-03   2
15 0 1 1 1 1 f    2956.7571512408  5.134e-03   2
45 0 0 0 1 1 e    2959.3510726506  1.000e-03  12
16 0 1 1 1 1 e    2967.6662095333  4.359e-03   3
17 0 1 1 1 1 f    2979.5295560873  5.183e-03   3
18 0 1 1 1 1 e    2991.7842560961  4.359e-03   3
19 0 1 1 1 1 f    3005.0585342504  5.542e-03   2
20 0 1 1 1 1 e    3018.6561537208  4.359e-03   2
47 0 0 0 1 1 e    3023.2892895126  1.000e-03  13
21 0 1 1 1 1 f    3033.3523184168  5.187e-03   1
70 1 0 0 0 1 e    3041.1717222854  1.001e-03   2
22 0 1 1 1 1 e    3048.2837431467  4.359e-03   4
23 0 1 1 1 1 f    3064.4015029812  5.204e-03   4
24 0 1 1 1 1 e    3080.6653524057  4.359e-03   3
49 0 0 0 1 1 e    3089.9698010837  1.000e-03  13
25 0 1 1 1 1 f    3098.2086004229  5.221e-03   4
26 0 1 1 1 1 e    3115.8007846253  4.359e-03   4
27 0 1 1 1 1 f    3134.7726115572  5.426e-03   3
28 0 1 1 1 1 e    3153.6892520358  4.359e-03   3
51 0 0 0 1 1 e    3159.3916306846  1.000e-03  13
29 0 1 1 1 1 f    3174.0940405051  5.426e-03   4
30 0 1 1 1 1 e    3194.3305543209  4.379e-03   3
31 0 1 1 1 1 f    3216.1718587013  5.472e-03   3
53 0 0 0 1 1 e    3231.5537614749  1.000e-03  14
32 0 1 1 1 1 e    3237.7238122438  4.359e-03   3
33 0 1 1 1 1 f    3261.0047479759  5.798e-03   2
34 0 1 1 1 1 e    3283.8679669341  4.359e-03   2
55 0 0 0 1 1 e    3306.4551364939  1.000e-03  14
35 0 1 1 1 1 f    3308.5932447064  5.968e-03   2
36 0 1 1 1 1 e    3332.7627255947  4.359e-03   4
37 0 1 1 1 1 f    3358.9357060214  6.134e-03   2
57 0 0 0 1 1 e    3384.0946587039  1.000e-03  13
38 0 1 1 1 1 e    3384.4085435690  4.359e-03   2
39 0 1 1 1 1 f    3412.0325910038  6.134e-03   4
40 0 1 1 1 1 e    3438.8033459468  4.359e-03   4
1 1 0 0 1 2 e     3449.0995794273  1.150e-03   4
3 1 0 0 1 2 e     3452.5434616252  1.170e-03   6
5 1 0 0 1 2 e     3458.7412699447  1.245e-03   6
59 0 0 0 1 1 e    3464.4711909535  1.000e-03  12
7 1 0 0 1 2 e     3467.6933616386  1.315e-03   6
41 0 1 1 1 1 f    3467.8806049674  6.294e-03   3
9 1 0 0 1 2 e     3479.3997936624  1.382e-03   6
11 1 0 0 1 2 e    3493.8602622360  1.446e-03   6
42 0 1 1 1 1 e    3495.9465710336  4.359e-03   2
13 1 0 0 1 2 e    3511.0745087425  1.446e-03   6
43 0 1 1 1 1 f    3526.4819963807  6.476e-03   2
15 1 0 0 1 2 e    3531.0420355315  1.446e-03   5
1 1 0 0 1 1 e     3545.7129729733  1.170e-03   1
61 0 0 0 1 1 e    3547.5835585503  1.000e-03   8
3 1 0 0 1 1 e     3549.1586690371  1.245e-03   3
17 1 0 0 1 2 e    3553.7630169436  1.446e-03   6
5 1 0 0 1 1 e     3555.3567402022  1.668e-03   1
44 0 1 1 1 1 e    3555.8377275615  4.359e-03   4
7 1 0 0 1 1 e     3564.3098565939  1.315e-03   3
9 1 0 0 1 1 e     3576.0175620558  1.382e-03   3
19 1 0 0 1 2 e    3579.2368701580  1.446e-03   6
45 0 1 1 1 1 f    3587.8326218689  6.605e-03   2
11 1 0 0 1 1 e    3590.4798414878  1.446e-03   4
21 1 0 0 1 2 e    3607.4635074518  1.446e-03   5
13 1 0 0 1 1 e    3607.6958951747  1.446e-03   3
46 0 1 1 1 1 e    3618.4759008483  4.359e-03   2
15 1 0 0 1 1 e    3627.6663272066  1.446e-03   4
63 0 0 0 1 1 e    3633.4305417443  1.000e-03   7
23 1 0 0 1 2 e    3638.4413408240  1.446e-03   6
17 1 0 0 1 1 e    3650.3904685197  1.446e-03   2
47 0 1 1 1 1 f    3651.9344802884  6.778e-03   3
25 1 0 0 1 2 e    3672.1705768981  1.446e-03   6
19 1 0 0 1 1 e    3675.8686185197  1.446e-03   1
48 0 1 1 1 1 e    3683.8607865022  4.359e-03   2
21 1 0 0 1 1 e    3704.0998065578  1.446e-03   2
27 1 0 0 1 2 e    3708.6507404304  1.446e-03   6
65 0 0 0 1 1 e    3722.0108841933  1.000e-03   7
23 1 0 0 1 1 e    3735.0835931166  1.446e-03   4
29 1 0 0 1 2 e    3747.8811264163  1.446e-03   4
50 0 1 1 1 1 e    3751.9888622844  4.359e-03   3
25 1 0 0 1 1 e    3768.8197724720  1.823e-03   1
51 0 1 1 1 1 f    3788.3850705042  5.099e-03   2
31 1 0 0 1 2 e    3789.8612074528  1.446e-03   5
27 1 0 0 1 1 e    3805.3078538616  1.446e-03   3
67 0 0 0 1 1 e    3813.3232888009  1.000e-03   7
52 0 1 1 1 1 e    3822.8628861920  4.359e-03   2
33 1 0 0 1 2 e    3834.5900001647  1.446e-03   6
29 1 0 0 1 1 e    3844.5466715837  1.446e-03   2
53 0 1 1 1 1 f    3860.7324131375  5.131e-03   3
35 1 0 0 1 2 e    3882.0663807385  1.446e-03   5
31 1 0 0 1 1 e    3886.5390277725  1.446e-03   4
54 0 1 1 1 1 e    3896.4825880498  4.396e-03   1
69 0 0 0 1 1 e    3907.3664186708  1.000e-03   7
33 1 0 0 1 1 e    3931.2813196903  1.446e-03   3
37 1 0 0 1 2 e    3932.2902112595  1.446e-03   6
55 0 1 1 1 1 f    3935.8249298557  5.099e-03   3
56 0 1 1 1 1 e    3972.8413612759  4.396e-03   1
35 1 0 0 1 1 e    3978.7722098062  1.446e-03   2
39 1 0 0 1 2 e    3985.2605353293  1.446e-03   6
71 0 0 0 1 1 e    4004.1388960690  1.001e-03   4
37 1 0 0 1 1 e    4029.0136281757  1.446e-03   3
41 1 0 0 1 2 e    4040.9767885619  1.446e-03   4
4 1 1 1 1 2 e     4062.9562388906  4.189e-03   3
5 1 1 1 1 2 f     4066.4237693930  5.009e-03   2
6 1 1 1 1 2 e     4070.5394847396  4.211e-03   2
7 1 1 1 1 2 f     4075.4033005206  5.009e-03   4
8 1 1 1 1 2 e     4080.8786063150  4.211e-03   4
39 1 0 0 1 1 e    4082.0037872722  1.446e-03   2
9 1 1 1 1 2 f     4087.1454880880  5.009e-03   4
10 1 1 1 1 2 e    4093.9738613490  4.232e-03   4
43 1 0 0 1 2 e    4099.4363606251  1.446e-03   6
11 1 1 1 1 2 f    4101.6500737695  5.009e-03   4
73 0 0 0 1 1 e    4103.6371987196  2.236e-03   2
12 1 1 1 1 2 e    4109.8263006278  4.253e-03   4
13 1 1 1 1 2 f    4118.9174773474  5.027e-03   4
14 1 1 1 1 2 e    4128.4349521646  4.253e-03   4
41 1 0 0 1 1 e    4137.7428009214  1.446e-03   4
15 1 1 1 1 2 f    4138.9465909194  5.045e-03   4
16 1 1 1 1 2 e    4149.7997250380  4.253e-03   4
45 1 0 0 1 2 e    4160.6401092936  1.446e-03   5
17 1 1 1 1 2 f    4161.7376460828  5.063e-03   4
18 1 1 1 1 2 e    4173.9200151975  4.253e-03   4
19 1 1 1 1 2 f    4187.2901718651  5.080e-03   4
43 1 0 0 1 1 e    4196.2279753873  1.446e-03   2
20 1 1 1 1 2 e    4200.7953916987  4.253e-03   3
21 1 1 1 1 2 f    4215.6029918527  5.098e-03   4
47 1 0 0 1 2 e    4224.5861682606  1.446e-03   5
22 1 1 1 1 2 e    4230.4260544100  4.253e-03   3
23 1 1 1 1 2 f    4246.6770255390  5.116e-03   3
45 1 0 0 1 1 e    4257.4594579473  1.446e-03   3
24 1 1 1 1 2 e    4262.8104512037  4.253e-03   2
25 1 1 1 1 2 f    4280.5103555057  5.324e-03   2
49 1 0 0 1 2 e    4291.2733861442  1.446e-03   3
26 1 1 1 1 2 e    4297.9494229125  4.274e-03   2
27 1 1 1 1 2 f    4317.1030550323  5.324e-03   3
47 1 0 0 1 1 e    4321.4415103366  1.487e-03   3
28 1 1 1 1 2 e    4335.8407962043  4.253e-03   3
29 1 1 1 1 2 f    4356.4543294607  5.341e-03   3
51 1 0 0 1 2 e    4360.7019915423  1.446e-03   3
3 3 1 1 0 3 e     4364.2576929733  1.510e-03   1
5 3 1 1 0 3 e     4370.4868202022  1.568e-03   1
30 1 1 1 1 2 e    4376.4852891456  4.253e-03   3
7 3 1 1 0 3 e     4379.5079433009  1.625e-03   1
49 1 0 0 1 1 e    4388.1614228799  1.446e-03   3
31 1 1 1 1 2 f    4398.5631581938  5.542e-03   2
11 3 1 1 0 3 e    4405.8440514599  1.732e-03   1
32 1 1 1 1 2 e    4419.8812618503  4.253e-03   3
13 3 1 1 0 3 e    4423.1635577516  1.732e-03   2
53 1 0 0 1 2 e    4432.8685952407  1.446e-03   4
15 3 1 1 0 3 e    4443.2595644660  1.732e-03   1
33 1 1 1 1 2 f    4443.4288403116  5.719e-03   2
51 1 0 0 1 1 e    4457.6294261717  1.823e-03   1
34 1 1 1 1 2 e    4466.0280481500  4.253e-03   2
17 3 1 1 0 3 e    4466.1501085197  1.732e-03   1
35 1 1 1 1 2 f    4491.0514536615  5.892e-03   2
55 1 0 0 1 2 e    4507.7740119889  1.446e-03   3
36 1 1 1 1 2 e    4514.9260334769  4.253e-03   2
21 3 1 1 0 3 e    4520.1733406111  1.732e-03   1
53 1 0 0 1 1 e    4529.8402748238  1.823e-03   1
37 1 1 1 1 2 f    4541.4301033314  6.059e-03   2
23 3 1 1 0 3 e    4551.3516150356  1.732e-03   1
38 1 1 1 1 2 e    4566.5753702150  4.253e-03   2
25 3 1 1 0 3 e    4585.3013024720  1.732e-03   1
57 1 0 0 1 2 e    4585.4152452605  1.446e-03   3
39 1 1 1 1 2 f    4594.5653097409  6.222e-03   2
55 1 0 0 1 1 e    4604.7942112759  1.823e-03   1
40 1 1 1 1 2 e    4620.9702749356  4.253e-03   2
27 3 1 1 0 3 e    4622.0470054298  1.732e-03   1
1 2 0 0 1 3 e     4630.8899029733  1.613e-03   1
3 2 0 0 1 3 e     4634.3386065877  1.613e-03   2
5 2 0 0 1 3 e     4640.5448567515  1.668e-03   2
7 2 0 0 1 3 e     4649.5099213311  1.773e-03   1
41 1 1 1 1 2 f    4650.4500100297  6.380e-03   2
9 2 0 0 1 3 e     4661.2323663955  1.773e-03   2
29 3 1 1 0 3 e    4661.5382582204  1.732e-03   1
59 1 0 0 1 2 e    4665.7923622694  1.446e-03   3
11 2 0 0 1 3 e    4675.7139914599  1.823e-03   1
57 1 0 0 1 1 e    4682.4898712759  1.823e-03   1
13 2 0 0 1 3 e    4692.9516088227  1.823e-03   2
31 3 1 1 0 3 e    4703.7572825811  1.732e-03   1
15 2 0 0 1 3 e    4712.9469550738  1.823e-03   2
17 2 0 0 1 3 e    4735.6993771007  1.823e-03   2
1 2 0 0 1 2 e     4740.8915529733  1.613e-03   1
3 2 0 0 1 2 e     4744.3289129733  1.613e-03   1
33 3 1 1 0 3 e    4748.7667034876  1.732e-03   1
61 1 0 0 1 2 e    4748.9027884065  1.446e-03   2
5 2 0 0 1 2 e     4750.5161033009  1.721e-03   1
7 2 0 0 1 2 e     4759.4529423160  1.721e-03   2
19 2 0 0 1 3 e    4761.2079285197  1.823e-03   1
9 2 0 0 1 2 e     4771.1396792650  1.515e-03   3
11 2 0 0 1 2 e    4785.5758831794  1.823e-03   1
21 2 0 0 1 3 e    4789.4730006111  1.823e-03   1
13 2 0 0 1 2 e    4802.7613538227  1.823e-03   2
23 2 0 0 1 3 e    4820.4935424720  1.823e-03   1
15 2 0 0 1 2 e    4822.6956558985  1.552e-03   3
63 1 0 0 1 2 e    4834.7468648008  1.823e-03   1
17 2 0 0 1 2 e    4845.3792519126  1.503e-03   2
61 1 0 0 1 1 e    4846.1016548928  1.823e-03   1
37 3 1 1 0 3 e    4847.0955768714  1.732e-03   1
25 2 0 0 1 3 e    4854.2680658269  1.823e-03   1
3 2 0 0 1 1 e     4868.5486915877  1.613e-03   2
19 2 0 0 1 2 e    4870.8115368163  1.521e-03   3
5 2 0 0 1 1 e     4874.7556633009  1.721e-03   1
27 2 0 0 1 3 e    4890.7970256284  1.823e-03   2
9 2 0 0 1 1 e     4895.4443914599  1.823e-03   1
21 2 0 0 1 2 e    4898.9904118817  1.625e-03   3
39 3 1 1 0 3 e    4900.4090900687  1.732e-03   1
13 2 0 0 1 1 e    4927.1662944660  1.823e-03   1
23 2 0 0 1 2 e    4929.9182302939  1.521e-03   3
29 2 0 0 1 3 e    4930.0794718251  1.823e-03   2
15 2 0 0 1 1 e    4947.1641756816  1.823e-03   1
41 3 1 1 0 3 e    4956.4846232280  1.732e-03   1
25 2 0 0 1 2 e    4963.5944858414  1.500e-03   3
17 2 0 0 1 1 e    4969.9199221007  1.823e-03   2
31 2 0 0 1 3 e    4972.1143004007  1.823e-03   2
19 2 0 0 1 1 e    4995.4333985197  1.823e-03   1
27 2 0 0 1 2 e    5000.0149706284  1.823e-03   2
67 1 0 0 1 2 e    5014.6260709161  1.823e-03   1
43 3 1 1 0 3 e    5015.3262963196  1.732e-03   1
33 2 0 0 1 3 e    5016.9013834876  1.823e-03   1
21 2 0 0 1 1 e    5023.7038528234  1.823e-03   2
29 2 0 0 1 2 e    5039.1830568251  1.823e-03   2
23 2 0 0 1 1 e    5054.7310037538  1.823e-03   2
35 2 0 0 1 3 e    5064.4385265951  1.823e-03   1
45 3 1 1 0 3 e    5076.9232851596  1.732e-03   1
31 2 0 0 1 2 e    5081.0969304007  1.823e-03   2
25 2 0 0 1 1 e    5088.5154258269  1.823e-03   1
69 1 0 0 1 2 e    5108.6597891956  1.823e-03   1
37 2 0 0 1 3 e    5114.7259668714  1.823e-03   1
27 2 0 0 1 1 e    5125.0554158269  1.823e-03   1
33 2 0 0 1 2 e    5125.7560780344  1.823e-03   2
47 3 1 1 0 3 e    5141.2875106988  1.732e-03   1
29 2 0 0 1 1 e    5164.3510418251  1.823e-03   2
39 2 0 0 1 3 e    5167.7619500687  1.823e-03   1
35 2 0 0 1 2 e    5173.1593600414  1.823e-03   2
31 2 0 0 1 1 e    5206.4027425811  1.823e-03   1
49 3 1 1 0 3 e    5208.4263532227  1.732e-03   1
37 2 0 0 1 2 e    5223.3070367332  1.823e-03   2
39 2 0 0 1 2 e    5276.1974000687  1.823e-03   1
35 2 0 0 1 1 e    5298.7703750414  1.823e-03   2
41 2 0 0 1 2 e    5331.8307716483  1.823e-03   2
37 2 0 0 1 1 e    5349.0853065951  1.823e-03   1
53 3 1 1 0 3 e    5350.9201848238  1.732e-03   1
43 2 0 0 1 2 e    5390.2058497738  1.823e-03   2
39 2 0 0 1 1 e    5402.1535168714  1.823e-03   1
55 3 1 1 0 3 e    5426.3225912759  1.732e-03   1
57 3 1 1 0 3 e    5504.4661737925  1.732e-03   1
47 2 0 0 1 2 e    5515.1772229292  1.823e-03   2
49 2 0 0 1 2 e    5581.7719769608  1.823e-03   2
51 2 0 0 1 2 e    5651.1048496972  1.823e-03   2
1 3 0 0 1 4 e     5795.4578464866  1.000e-03   2
55 2 0 0 1 2 e    5797.9809212759  1.823e-03   1
3 3 0 0 1 4 e     5798.9120565877  1.510e-03   2
5 3 0 0 1 4 e     5805.1284817515  1.568e-03   2
7 3 0 0 1 4 e     5814.1083623160  1.625e-03   2
9 3 0 0 1 4 e     5825.8506663955  1.679e-03   2
11 3 0 0 1 4 e    5840.3551373197  1.732e-03   2
13 3 0 0 1 4 e    5857.6209938227  1.732e-03   2
15 3 0 0 1 4 e    5877.6490250738  1.732e-03   2
17 3 0 0 1 4 e    5900.4380971007  1.732e-03   2
19 3 0 0 1 4 e    5925.9877406111  1.732e-03   1
1 3 0 0 1 3 e     5927.9432335137  1.000e-03   3
3 3 0 0 1 3 e     5931.3790102463  1.510e-03   4
5 3 0 0 1 3 e     5937.5636841905  1.568e-03   4
7 3 0 0 1 3 e     5946.4967708526  1.625e-03   4
9 3 0 0 1 3 e     5958.1782907858  1.679e-03   4
11 3 0 0 1 3 e    5972.6082543928  1.732e-03   4
23 3 0 0 1 4 e    5985.3666024719  1.732e-03   1
13 3 0 0 1 3 e    5989.7855645545  1.732e-03   4
15 3 0 0 1 3 e    6009.7104738543  1.732e-03   4
25 3 0 0 1 4 e    6019.1950641494  1.732e-03   2
17 3 0 0 1 3 e    6032.3833763689  1.732e-03   4
1 3 0 0 1 2 e     6044.1828986652  1.000e-03   3
3 3 0 0 1 2 e     6047.6232661440  1.510e-03   2
5 3 0 0 1 2 e     6053.8145250203  1.568e-03   3
27 3 0 0 1 4 e    6055.7807054298  1.732e-03   1
19 3 0 0 1 3 e    6057.8029709069  1.732e-03   4
7 3 0 0 1 2 e     6062.7587324505  1.625e-03   3
9 3 0 0 1 2 e     6074.4543085423  1.679e-03   3
21 3 0 0 1 3 e    6085.9690327014  1.732e-03   4
11 3 0 0 1 2 e    6088.9014846870  1.732e-03   3
29 3 0 0 1 4 e    6095.1240318251  1.732e-03   2
13 3 0 0 1 2 e    6106.1001816276  1.732e-03   4
23 3 0 0 1 3 e    6116.8810355831  1.732e-03   4
15 3 0 0 1 2 e    6126.0506640090  1.732e-03   3
31 3 0 0 1 4 e    6137.2238204007  1.732e-03   2
17 3 0 0 1 2 e    6148.7518708250  1.732e-03   4
25 3 0 0 1 3 e    6150.5391141494  1.732e-03   4
19 3 0 0 1 2 e    6174.2041355410  1.732e-03   4
33 3 0 0 1 4 e    6182.0792930344  1.732e-03   2
27 3 0 0 1 3 e    6186.9407046527  1.732e-03   4
21 3 0 0 1 2 e    6202.4074436770  1.732e-03   4
1 3 0 0 1 1 e     6202.5438000000  1.000e-03   1
3 3 0 0 1 1 e     6205.9958929733  1.510e-03   1
5 3 0 0 1 1 e     6212.2106202022  1.568e-03   1
7 3 0 0 1 1 e     6221.1879623160  1.625e-03   2
29 3 0 0 1 3 e    6226.0875037763  1.732e-03   4
35 3 0 0 1 4 e    6229.6886000414  1.732e-03   2
9 3 0 0 1 1 e     6232.9240487264  1.679e-03   2
23 3 0 0 1 2 e    6233.3608269433  1.732e-03   3
13 3 0 0 1 1 e    6264.6882938227  1.732e-03   2
25 3 0 0 1 2 e    6267.0643641494  1.732e-03   2
31 3 0 0 1 3 e    6267.9775923520  1.732e-03   4
37 3 0 0 1 4 e    6280.0521867332  1.732e-03   2
15 3 0 0 1 1 e    6284.7112750738  1.732e-03   2
27 3 0 0 1 2 e    6303.5162657154  1.732e-03   3
17 3 0 0 1 1 e    6307.4978471007  1.732e-03   2
33 3 0 0 1 3 e    6312.6104540100  1.732e-03   4
19 3 0 0 1 1 e    6333.0445406111  1.732e-03   1
39 3 0 0 1 4 e    6333.1674334700  1.732e-03   2
29 3 0 0 1 2 e    6342.7195605991  1.732e-03   3
35 3 0 0 1 3 e    6359.9858658950  1.732e-03   4
21 3 0 0 1 1 e    6361.3516406111  1.732e-03   1
1 3 1 1 1 4 f     6379.7199274476  5.099e-03   1
2 3 1 1 1 4 e     6381.0995343247  4.276e-03   2
3 3 1 1 1 4 f     6383.1848992194  5.099e-03   2
1 1 1 1 2 1 e     6384.4130000000  1.000e-03   1
31 3 0 0 1 2 e    6384.6707825959  1.732e-03   4
4 3 1 1 1 4 e     6385.9280613206  4.297e-03   2
41 3 0 0 1 4 e    6389.0337232280  1.732e-03   1
5 3 1 1 1 4 f     6389.4221321187  5.099e-03   2
4 1 1 1 2 1 f     6390.5775202022  1.568e-03   1
23 3 0 0 1 1 e    6392.4203587538  1.732e-03   2
6 3 1 1 1 4 e     6393.5181848892  4.297e-03   1
5 1 1 1 2 1 e     6393.9838202022  1.568e-03   1
6 1 1 1 2 1 f     6398.1180433009  1.625e-03   1
7 3 1 1 1 4 f     6398.4304885940  5.119e-03   2
8 3 1 1 1 4 e     6403.8686475994  4.317e-03   2
37 3 0 0 1 3 e    6410.1019406391  1.732e-03   3
9 3 1 1 1 4 f     6410.2110706568  5.099e-03   2
9 1 1 1 2 1 e     6414.4994813311  1.679e-03   1
10 3 1 1 1 4 e    6416.9758563307  4.338e-03   1
10 1 1 1 2 1 f    6421.4160514599  1.732e-03   1
11 3 1 1 1 4 f    6424.7622801915  5.099e-03   2
25 3 0 0 1 1 e    6426.2493141494  1.732e-03   2
11 1 1 1 2 1 e    6428.8598514599  1.732e-03   1
33 3 0 0 1 2 e    6429.3704930344  1.732e-03   2
12 3 1 1 1 4 e    6432.8456125544  4.359e-03   2
13 3 1 1 1 4 f    6442.0842617511  5.117e-03   2
43 3 0 0 1 4 e    6447.6507232280  1.732e-03   1
14 3 1 1 1 4 e    6451.4739062930  4.359e-03   2
14 1 1 1 2 1 f    6455.6791644660  1.732e-03   1
15 3 1 1 1 4 f    6462.1775266992  5.136e-03   2
39 3 0 0 1 3 e    6462.9581325629  1.732e-03   4
15 1 1 1 2 1 e    6465.7853644660  1.732e-03   1
16 3 1 1 1 4 e    6472.8610599004  4.359e-03   2
35 3 0 0 1 2 e    6476.8184965951  1.732e-03   1
16 1 1 1 2 1 f    6476.9238856816  1.732e-03   1
17 3 1 1 1 4 f    6485.0401414957  5.152e-03   2
18 3 1 1 1 4 e    6497.0067491424  4.359e-03   2
18 1 1 1 2 1 f    6500.9047085197  1.732e-03   1
29 3 0 0 1 1 e    6502.1869318251  1.732e-03   2
45 3 0 0 1 4 e    6509.0154407396  1.732e-03   2
19 3 1 1 1 4 f    6510.6740342504  5.169e-03   2
19 1 1 1 2 1 e    6513.6494085197  1.732e-03   1
41 3 0 0 1 3 e    6518.5538385451  1.732e-03   3
20 3 1 1 1 4 e    6523.9110330697  4.359e-03   2
37 3 0 0 1 2 e    6527.0139517631  1.732e-03   3
20 1 1 1 2 1 f    6527.6254406111  1.732e-03   1
21 3 1 1 1 4 f    6539.0760606600  5.187e-03   2
21 1 1 1 2 1 e    6541.6817406111  1.732e-03   1
31 3 0 0 1 1 e    6544.2957643928  1.732e-03   2
5 3 1 1 1 3 f     6548.3514821187  5.099e-03   2
6 3 1 1 1 3 e     6552.4407118786  4.550e-03   2
22 3 1 1 1 4 e    6553.5750945998  4.359e-03   2
7 3 1 1 1 3 f     6557.3080385940  5.099e-03   2
8 3 1 1 1 3 e     6562.7469475994  4.317e-03   2
9 3 1 1 1 3 f     6569.0267206568  5.099e-03   2
23 3 1 1 1 4 f    6570.2471493752  5.204e-03   2
10 3 1 1 1 3 e    6575.8046278352  4.359e-03   1
43 3 0 0 1 3 e    6576.8884817250  1.732e-03   4
39 3 0 0 1 2 e    6579.9557900687  1.732e-03   1
11 3 1 1 1 3 f    6583.5065301915  5.099e-03   2
24 3 1 1 1 4 e    6585.9967168567  4.359e-03   1
33 3 0 0 1 1 e    6589.1642912091  1.732e-03   2
24 1 1 1 2 1 f    6589.2872024719  1.732e-03   1
12 3 1 1 1 3 e    6591.6168278352  4.359e-03   1
13 3 1 1 1 3 f    6600.7485030111  5.117e-03   1
25 3 1 1 1 4 f    6604.1844958472  5.221e-03   1
25 1 1 1 2 1 e    6605.9484024719  1.732e-03   1
14 3 1 1 1 3 e    6610.1796562930  4.359e-03   2
15 3 1 1 1 3 f    6620.7512766992  5.134e-03   2
26 3 1 1 1 4 e    6621.1750200110  4.359e-03   1
26 1 1 1 2 1 f    6624.2254258269  1.732e-03   1
16 3 1 1 1 3 e    6631.4955599004  4.359e-03   2
41 3 0 0 1 2 e    6635.6442621146  1.732e-03   3
35 3 0 0 1 1 e    6636.7916965951  1.732e-03   1
45 3 0 0 1 3 e    6637.9606873640  1.732e-03   4
49 3 0 0 1 4 e    6639.9873819608  1.732e-03   2
27 1 1 1 2 1 e    6642.1825258269  1.732e-03   1
17 3 1 1 1 3 f    6643.5162414957  5.152e-03   2
18 3 1 1 1 3 e    6655.5633491424  4.359e-03   2
28 3 1 1 1 4 e    6659.1111660318  4.379e-03   1
28 1 1 1 2 1 f    6661.9025054298  1.732e-03   1
19 3 1 1 1 3 f    6669.0419842504  5.169e-03   2
1 0 0 0 3 1 e     6673.9762274862  1.000e-03   4
3 0 0 0 3 1 e     6677.3659578072  1.510e-03   4
29 3 1 1 1 4 f    6680.3637962864  5.426e-03   1
29 1 1 1 2 1 e    6681.1420054298  1.732e-03   1
20 3 1 1 1 3 e    6682.3816723430  4.359e-03   1
5 0 0 0 3 1 e     6683.4674565731  1.568e-03   4
37 3 0 0 1 1 e    6687.1785367332  1.732e-03   2
7 0 0 0 3 1 e     6692.2800854867  1.625e-03   4
43 3 0 0 1 2 e    6694.0792448903  1.732e-03   3
3 3 1 1 1 2 f     6695.5998274476  5.099e-03   1
21 3 1 1 1 3 f    6697.3280606600  5.390e-03   2
4 3 1 1 1 2 e     6698.3429113206  4.297e-03   2
30 3 1 1 1 4 e    6699.8022336612  4.359e-03   2
47 3 0 0 1 3 e    6701.7690985037  1.732e-03   2
30 1 1 1 2 1 f    6702.3166582204  1.732e-03   1
9 0 0 0 3 1 e     6703.8041703505  1.679e-03   3
6 3 1 1 1 2 e     6705.9119118786  4.297e-03   2
51 3 0 0 1 4 e    6709.5902746972  1.732e-03   2
7 3 1 1 1 2 f     6710.7925932462  5.099e-03   1
22 3 1 1 1 3 e    6711.9519168567  4.359e-03   1
8 3 1 1 1 2 e     6716.2352388681  4.317e-03   1
11 0 0 0 3 1 e    6718.0395338917  1.732e-03   3
9 3 1 1 1 2 f     6722.5317206568  5.099e-03   2
31 3 1 1 1 4 f    6722.6010663843  5.442e-03   2
31 1 1 1 2 1 e    6722.8384582204  1.732e-03   1
23 3 1 1 1 3 f    6728.3715029032  5.204e-03   1
10 3 1 1 1 2 e    6729.3107420829  4.338e-03   2
13 0 0 0 3 1 e    6734.9861403335  1.732e-03   3
11 3 1 1 1 2 f    6737.0333301915  5.099e-03   2
39 3 0 0 1 1 e    6740.3236900687  1.732e-03   1
32 3 1 1 1 4 e    6743.2503230546  4.359e-03   2
24 3 1 1 1 3 e    6744.2715184339  4.359e-03   2
12 3 1 1 1 2 e    6745.1374278352  4.359e-03   1
32 1 1 1 2 1 f    6745.4702825811  1.732e-03   1
13 3 1 1 1 2 f    6754.2963617511  5.117e-03   2
15 0 0 0 3 1 e    6754.6430184954  1.732e-03   3
45 3 0 0 1 2 e    6755.2587841245  1.732e-03   2
25 3 1 1 1 3 f    6762.1767958472  5.221e-03   1
14 3 1 1 1 2 e    6763.7178972736  4.359e-03   1
33 3 1 1 1 4 f    6767.6035176013  5.623e-03   2
49 3 0 0 1 3 e    6768.3118319608  1.732e-03   2
15 3 1 1 1 2 f    6774.3199766992  5.134e-03   2
17 0 0 0 3 1 e    6777.0101222670  1.732e-03   2
26 3 1 1 1 3 e    6779.3398200110  4.359e-03   1
53 3 0 0 1 4 e    6781.9368904978  1.732e-03   2
16 3 1 1 1 2 e    6785.0503153124  4.359e-03   1
34 3 1 1 1 4 e    6789.4520850442  4.359e-03   2
41 3 0 0 1 1 e    6796.2256066483  1.732e-03   2
17 3 1 1 1 2 f    6797.1063329074  5.152e-03   1
19 0 0 0 3 1 e    6802.0887662794  1.732e-03   3
18 3 1 1 1 2 e    6809.1346491424  4.359e-03   2
35 1 1 1 2 1 e    6814.4215034876  1.732e-03   1
35 3 1 1 1 4 f    6815.3698671700  5.798e-03   2
28 3 1 1 1 3 e    6817.1565445000  4.359e-03   2
47 3 0 0 1 2 e    6819.1848851596  1.887e-03   1
19 3 1 1 1 2 f    6822.6529500840  5.169e-03   1
21 0 0 0 3 1 e    6829.8758854689  1.732e-03   3
20 3 1 1 1 2 e    6835.9677937964  4.359e-03   1
51 3 0 0 1 3 e    6837.5911696550  1.732e-03   2
29 3 1 1 1 3 f    6838.0586759509  5.442e-03   2
36 3 1 1 1 4 e    6838.4072013639  4.359e-03   2
36 1 1 1 2 1 f    6839.9801965951  1.732e-03   1
43 3 0 0 1 1 e    6854.8853097738  1.732e-03   2
55 3 0 0 1 4 e    6857.0248912759  1.732e-03   1
30 3 1 1 1 3 e    6857.7213443543  4.379e-03   2
23 0 0 0 3 1 e    6860.3740429001  1.732e-03   4
22 3 1 1 1 2 e    6865.5552445998  4.517e-03   2
37 3 1 1 1 4 f    6865.8984344597  5.968e-03   2
31 3 1 1 1 3 f    6880.1346798621  5.442e-03   3
23 3 1 1 1 2 f    6882.0290493752  5.204e-03   2
49 3 0 0 1 2 e    6885.8521106988  1.732e-03   1
38 3 1 1 1 4 e    6890.1152614790  4.398e-03   2
25 0 0 0 3 1 e    6893.5795117202  1.732e-03   3
32 3 1 1 1 3 e    6901.0341826214  4.359e-03   3
53 3 0 0 1 3 e    6909.6027543898  1.732e-03   3
25 3 1 1 1 2 f    6915.8557114563  5.221e-03   2
39 1 1 1 2 1 e    6916.9222768714  1.732e-03   1
39 3 1 1 1 4 f    6919.1910185050  6.294e-03   1
33 3 1 1 1 3 f    6924.9666676013  5.623e-03   2
27 0 0 0 3 1 e    6929.4940361973  1.732e-03   4
26 3 1 1 1 2 e    6932.9777660318  4.379e-03   1
57 3 0 0 1 4 e    6934.8533737925  1.732e-03   1
40 3 1 1 1 4 e    6944.5780656946  4.359e-03   2
40 1 1 1 2 1 f    6945.4339900687  1.732e-03   1
1 4 0 0 1 5 e     6946.1680772323  1.414e-03   1
34 3 1 1 1 3 e    6947.0915183335  4.359e-03   2
3 4 0 0 1 5 e     6949.6290772323  1.414e-03   1
51 3 0 0 1 2 e    6955.2639746972  1.732e-03   2
5 4 0 0 1 5 e     6955.8552508607  1.414e-03   1
7 4 0 0 1 5 e     6964.8492842482  1.414e-03   1
29 0 0 0 3 1 e    6968.1164254263  1.732e-03   3
28 3 1 1 1 2 e    6970.8148945000  4.429e-03   2
41 1 1 1 2 1 e    6972.2679900687  1.732e-03   1
35 3 1 1 1 3 f    6972.5539283849  5.798e-03   1
41 3 1 1 1 4 f    6975.2421014233  6.294e-03   2
9 4 0 0 1 5 e     6976.6092084759  1.414e-03   2
47 3 0 0 1 1 e    6980.4714851596  1.732e-03   1
55 3 0 0 1 3 e    6984.3452848238  1.732e-03   1
11 4 0 0 1 5 e    6991.1371947346  1.414e-03   2
29 3 1 1 1 2 f    6991.7891962864  5.426e-03   1
36 3 1 1 1 3 e    6995.8951343943  4.359e-03   1
42 3 1 1 1 4 e    7001.7892193623  4.359e-03   2
13 4 0 0 1 5 e    7008.4298794805  1.414e-03   2
31 0 0 0 3 1 e    7009.4464228398  1.732e-03   4
30 3 1 1 1 2 e    7011.3984336612  4.359e-03   2
37 3 1 1 1 3 f    7022.8960059550  5.968e-03   1
53 3 0 0 1 2 e    7027.4180404978  1.732e-03   2
15 4 0 0 1 5 e    7028.4884702855  1.414e-03   2
43 1 1 1 2 1 e    7030.3388232280  1.732e-03   1
31 3 1 1 1 2 f    7033.8936163843  5.442e-03   2
43 3 1 1 1 4 f    7034.0525873514  6.451e-03   2
38 3 1 1 1 3 e    7047.4456705072  4.359e-03   3
17 4 0 0 1 5 e    7051.3116280600  1.414e-03   2
33 0 0 0 3 1 e    7053.4828961442  1.732e-03   3
32 3 1 1 1 2 e    7054.7335230546  4.359e-03   2
44 3 1 1 1 4 e    7061.7506958990  4.359e-03   1
57 3 0 0 1 3 e    7061.8206912759  1.732e-03   1
39 3 1 1 1 3 f    7075.9896907347  6.134e-03   2
19 4 0 0 1 5 e    7076.9008808313  1.414e-03   1
33 3 1 1 1 2 f    7078.7564283849  5.798e-03   1
45 3 1 1 1 4 f    7095.6214153612  6.605e-03   2
61 3 0 0 1 4 e    7098.7234764799  1.732e-03   1
35 0 0 0 3 1 e    7100.2258446604  1.732e-03   3
3 4 0 0 1 4 e     7105.1448202022  1.568e-03   1
21 4 0 0 1 5 e    7105.2528808313  1.414e-03   1
5 4 0 0 1 4 e     7111.3365317515  1.661e-03   2
51 3 0 0 1 1 e    7117.0887532227  1.732e-03   1
7 4 0 0 1 4 e     7120.2783623160  1.625e-03   2
46 3 1 1 1 4 e    7124.4641492366  4.359e-03   2
35 3 1 1 1 2 f    7126.3768283849  5.798e-03   1
41 3 1 1 1 3 f    7131.8380185050  6.294e-03   1
9 4 0 0 1 4 e     7131.9706663955  1.679e-03   2
23 4 0 0 1 5 e    7136.3694136478  1.559e-03   2
59 3 0 0 1 3 e    7142.0244737925  1.732e-03   1
11 4 0 0 1 4 e    7146.4142873197  1.732e-03   2
37 0 0 0 3 1 e    7149.6733842942  1.732e-03   4
47 3 1 1 1 4 f    7159.9457421175  6.754e-03   2
13 4 0 0 1 4 e    7163.6099231794  1.732e-03   1
25 4 0 0 1 5 e    7170.2465977151  1.414e-03   1
57 3 0 0 1 2 e    7179.9518912759  1.732e-03   1
15 4 0 0 1 4 e    7183.5543250738  1.732e-03   2
63 3 0 0 1 4 e    7184.7638648008  1.732e-03   1
48 3 1 1 1 4 e    7189.9226166717  4.359e-03   1
39 0 0 0 3 1 e    7201.8254859090  1.732e-03   4
17 4 0 0 1 4 e    7206.2480971007  1.732e-03   2
27 4 0 0 1 5 e    7206.8882949287  1.414e-03   2
1 4 0 0 1 3 e     7222.0009464866  1.000e-03   2
3 4 0 0 1 3 e     7225.4328929733  1.510e-03   1
49 3 1 1 1 4 f    7227.0276438738  6.901e-03   1
39 3 1 1 1 2 f    7229.8860629644  6.134e-03   1
5 4 0 0 1 3 e     7231.6089317515  1.568e-03   2
19 4 0 0 1 4 e    7231.6923745654  1.732e-03   2
7 4 0 0 1 3 e     7240.5299813311  1.679e-03   1
29 4 0 0 1 5 e    7246.2901047340  1.414e-03   1
45 3 1 1 1 3 f    7251.7826903612  6.605e-03   1
9 4 0 0 1 3 e     7252.1954813311  1.679e-03   1
41 0 0 0 3 1 e    7256.6822000616  1.732e-03   3
21 4 0 0 1 4 e    7259.8856778234  1.732e-03   2
59 3 0 0 1 2 e    7260.3302737925  1.732e-03   1
11 4 0 0 1 3 e    7266.6055514599  1.732e-03   1
1 0 1 1 3 1 f     7277.7681764477  5.129e-03   2
2 0 1 1 3 1 e     7279.1274047366  4.297e-03   3
3 0 1 1 3 1 f     7281.1682657860  5.099e-03   3
13 4 0 0 1 3 e    7283.7606938227  1.732e-03   2
4 0 1 1 3 1 e     7283.8796049130  4.297e-03   3
41 3 1 1 1 2 f    7285.7725843416  6.451e-03   1
5 0 1 1 3 1 f     7287.2849821187  5.099e-03   2
23 4 0 0 1 4 e    7290.8251087538  1.798e-03   2
6 0 1 1 3 1 e     7291.3469593306  4.297e-03   3
7 0 1 1 3 1 f     7296.1221874662  5.099e-03   3
8 0 1 1 3 1 e     7301.5291395664  4.317e-03   3
15 4 0 0 1 3 e    7303.6589644660  1.732e-03   1
9 0 1 1 3 1 f     7307.6766659211  5.099e-03   3
63 3 0 0 1 3 e    7310.6161764799  1.732e-03   1
43 0 0 0 3 1 e    7314.2419231884  1.732e-03   4
10 0 1 1 3 1 e    7314.4255255459  4.338e-03   4
11 0 1 1 3 1 f    7321.9512463296  5.099e-03   3
25 4 0 0 1 4 e    7324.5152024720  1.732e-03   1
17 4 0 0 1 3 e    7326.3025085197  1.732e-03   1
12 0 1 1 3 1 e    7330.0366735747  4.359e-03   4
33 4 0 0 1 5 e    7333.3686058489  1.414e-03   1
13 0 1 1 3 1 f    7338.9431487183  5.117e-03   3
61 3 0 0 1 2 e    7343.4496548928  1.732e-03   1
14 0 1 1 3 1 e    7348.3624675704  4.359e-03   3
19 4 0 0 1 3 e    7351.6895745654  1.732e-03   2
15 0 1 1 3 1 f    7358.6541463078  5.134e-03   4
27 4 0 0 1 4 e    7360.9494156284  1.732e-03   2
16 0 1 1 3 1 e    7369.4024938198  4.359e-03   3
3 4 0 0 1 2 e     7369.9628202022  1.568e-03   1
45 0 0 0 3 1 e    7374.5038212274  1.732e-03   4
21 4 0 0 1 3 e    7379.8201278234  1.732e-03   2
35 4 0 0 1 5 e    7381.0459235818  1.414e-03   1
17 0 1 1 3 1 f    7381.0833819702  5.206e-03   3
49 3 1 1 1 3 f    7382.7215438738  6.901e-03   1
7 4 0 0 1 2 e     7385.1219433009  1.625e-03   1
18 0 1 1 3 1 e    7393.1566007036  4.359e-03   4
9 4 0 0 1 2 e     7396.8371163955  1.679e-03   2
29 4 0 0 1 4 e    7400.1299818251  1.732e-03   2
19 0 1 1 3 1 f    7406.2268244525  5.169e-03   3
23 4 0 0 1 3 e    7410.6952587538  1.829e-03   2
11 4 0 0 1 2 e    7411.3076514599  1.732e-03   1
20 0 1 1 3 1 e    7419.6234395068  4.359e-03   3
13 4 0 0 1 2 e    7428.5352438227  1.732e-03   2
63 3 0 0 1 2 e    7429.3068764799  1.732e-03   1
21 0 1 1 3 1 f    7434.0896024484  5.187e-03   3
47 0 0 0 3 1 e    7437.4667782976  1.732e-03   3
31 4 0 0 1 4 e    7442.0568204007  1.732e-03   2
25 4 0 0 1 3 e    7444.3107258269  1.732e-03   1
22 0 1 1 3 1 e    7448.8035010344  4.359e-03   3
23 0 1 1 3 1 f    7464.6681882690  5.204e-03   2
17 4 0 0 1 2 e    7471.2532856816  1.732e-03   1
27 4 0 0 1 3 e    7480.6699258269  1.732e-03   1
24 0 1 1 3 1 e    7480.6969665657  4.359e-03   4
39 4 0 0 1 5 e    7484.6648494086  1.414e-03   1
33 4 0 0 1 4 e    7486.7270430344  1.732e-03   2
19 4 0 0 1 2 e    7496.7469745654  1.732e-03   2
25 0 1 1 3 1 f    7497.9645409979  5.221e-03   3
49 0 0 0 3 1 e    7503.1299659031  1.732e-03   3
26 0 1 1 3 1 e    7515.3018571464  4.359e-03   3
29 4 0 0 1 3 e    7519.7718318251  1.732e-03   2
21 4 0 0 1 2 e    7524.9950778234  1.732e-03   2
27 0 1 1 3 1 f    7533.9755019198  5.409e-03   4
35 4 0 0 1 4 e    7534.1415500414  1.732e-03   2
28 0 1 1 3 1 e    7552.6189896219  4.359e-03   4
23 4 0 0 1 2 e    7555.9990587538  1.732e-03   2
31 4 0 0 1 3 e    7561.6145704007  1.732e-03   2
51 0 0 0 3 1 e    7571.4928465698  1.732e-03   3
29 0 1 1 3 1 f    7572.7007820485  5.442e-03   2
37 4 0 0 1 4 e    7584.2983367332  1.894e-03   2
25 4 0 0 1 2 e    7589.7580141494  1.732e-03   2
30 0 1 1 3 1 e    7592.6470018287  4.359e-03   3
33 4 0 0 1 3 e    7606.1987430344  1.732e-03   2
67 3 0 0 1 2 e    7609.2346113477  1.732e-03   1
31 0 1 1 3 1 f    7614.1418720808  5.442e-03   4
27 4 0 0 1 2 e    7626.2703258269  1.732e-03   1
32 0 1 1 3 1 e    7635.3842118304  4.359e-03   3
39 4 0 0 1 4 e    7637.1941768714  1.732e-03   1
53 0 0 0 3 1 e    7642.5543148798  1.732e-03   3
35 4 0 0 1 3 e    7653.5243500414  1.732e-03   2
33 0 1 1 3 1 f    7658.2955418481  5.623e-03   4
34 0 1 1 3 1 e    7680.8331033369  4.359e-03   4
41 4 0 0 1 4 e    7692.8321232280  1.732e-03   1
37 4 0 0 1 3 e    7703.5896367332  1.732e-03   2
35 0 1 1 3 1 f    7705.1630835251  5.798e-03   3
55 0 0 0 3 1 e    7716.3126236804  1.732e-03   3
36 0 1 1 3 1 e    7728.9897866440  4.359e-03   3
37 0 1 1 3 1 f    7754.7431489457  5.968e-03   3
39 4 0 0 1 3 e    7756.3949834700  1.732e-03   2
38 0 1 1 3 1 e    7779.8540924673  4.359e-03   3
57 0 0 0 3 1 e    7792.7665325342  1.732e-03   2
35 4 0 0 1 2 e    7799.8599000414  1.732e-03   2
39 0 1 1 3 1 f    7807.0354515484  6.134e-03   3
41 4 0 0 1 3 e    7811.9392566483  1.732e-03   2
40 0 1 1 3 1 e    7833.4298753021  4.359e-03   3
1 1 0 0 3 2 e     7836.2667431353  8.000e-04   5
3 1 0 0 3 2 e     7839.6590397083  1.449e-03   5
5 1 0 0 3 2 e     7845.7651417042  1.510e-03   5
37 4 0 0 1 2 e    7850.1430965951  1.732e-03   1
7 1 0 0 3 2 e     7854.5854451631  1.510e-03   5
41 0 1 1 3 1 f    7862.0386162059  6.294e-03   3
5 4 1 1 1 3 f     7864.3953932462  5.099e-03   1
9 1 0 0 3 2 e     7866.1194786578  1.414e-03   4
43 4 0 0 1 3 e    7870.2208597738  1.732e-03   2
59 0 0 0 3 1 e    7871.9171241730  1.732e-03   3
7 4 1 1 1 3 f     7873.3625839418  5.099e-03   1
47 4 0 0 1 4 e    7876.1752851596  1.732e-03   1
11 1 0 0 3 2 e    7880.3663193137  1.414e-03   5
10 4 1 1 1 3 e    7891.8456563307  4.338e-03   1
13 1 0 0 3 2 e    7897.3266534349  1.414e-03   6
39 4 0 0 1 2 e    7903.1759768714  1.732e-03   1
12 4 1 1 1 3 e    7907.6498278352  4.359e-03   1
15 1 0 0 3 2 e    7916.9999692573  1.414e-03   5
43 0 1 1 3 1 f    7919.7513684099  6.605e-03   2
45 4 0 0 1 3 e    7931.2420407396  1.732e-03   2
17 1 0 0 3 2 e    7939.3860518811  1.414e-03   6
5 1 0 0 3 1 e     7940.0070855407  1.414e-03   1
49 4 0 0 1 4 e    7942.7642106988  1.732e-03   1
44 0 1 1 3 1 e    7948.6972265354  4.359e-03   3
61 0 0 0 3 1 e    7953.7606156863  1.732e-03   2
41 4 0 0 1 2 e    7958.9614900687  1.732e-03   1
17 4 1 1 1 3 f    7959.5835500840  5.169e-03   1
9 1 0 0 3 1 e     7960.3475803383  1.414e-03   1
19 1 0 0 3 2 e    7964.4838495495  1.414e-03   5
18 4 1 1 1 3 e    7971.5476991424  4.359e-03   2
11 1 0 0 3 1 e    7974.5846074529  1.414e-03   1
45 0 1 1 3 1 f    7980.1730403612  6.754e-03   1
19 4 1 1 1 3 f    7985.1004184168  5.187e-03   1
13 1 0 0 3 1 e    7991.5347700253  1.414e-03   2
21 1 0 0 3 2 e    7992.2937621185  1.414e-03   6
47 4 0 0 1 3 e    7994.9981479292  1.732e-03   2
20 4 1 1 1 3 e    7998.3412937964  4.359e-03   1
46 0 1 1 3 1 e    8010.3895313059  4.359e-03   2
15 1 0 0 3 1 e    8011.1957131504  1.414e-03   3
51 4 0 0 1 4 e    8012.0847246972  1.732e-03   2
43 4 0 0 1 2 e    8017.4977232280  1.732e-03   1
23 1 0 0 3 2 e    8022.8152690257  1.414e-03   5
17 1 0 0 3 1 e    8033.5670892269  1.414e-03   3
63 0 0 0 3 1 e    8038.2975706403  1.732e-03   2
47 0 1 1 3 1 f    8043.3032438738  6.901e-03   1
25 1 0 0 3 2 e    8056.0474169723  1.414e-03   5
19 1 0 0 3 1 e    8058.6501580256  1.414e-03   2
24 4 1 1 1 3 e    8060.1703168567  4.359e-03   1
49 4 0 0 1 3 e    8061.4968532227  1.732e-03   1
48 0 1 1 3 1 e    8074.7872812277  4.359e-03   1
25 4 1 1 1 3 f    8078.2021270654  5.409e-03   1
21 1 0 0 3 1 e    8086.4436630378  1.414e-03   3
27 1 0 0 3 2 e    8091.9887299145  1.414e-03   6
23 1 0 0 3 1 e    8116.9464677251  1.414e-03   4
65 0 0 0 3 1 e    8125.5263113477  1.732e-03   1
29 1 0 0 3 2 e    8130.6404116790  1.414e-03   6
51 4 0 0 1 3 e    8130.7264961717  1.732e-03   1
50 0 1 1 3 1 e    8141.8869992171  4.359e-03   2
25 1 0 0 3 1 e    8150.1602203740  1.414e-03   4
55 4 0 0 1 4 e    8158.9207848238  1.732e-03   1
31 1 0 0 3 2 e    8172.0007460628  1.414e-03   5
27 1 0 0 3 1 e    8186.0819907957  1.625e-03   2
53 4 0 0 1 3 e    8202.6907961717  1.732e-03   1
52 0 1 1 3 1 e    8211.6887172065  4.359e-03   1
67 0 0 0 3 1 e    8215.4442511319  1.732e-03   2
33 1 0 0 3 2 e    8216.0694695287  1.426e-03   6
29 1 0 0 3 1 e    8224.7133819513  1.470e-03   4
53 0 1 1 3 1 f    8248.9369457621  5.099e-03   2
35 1 0 0 3 2 e    8262.8447609699  1.414e-03   5
31 1 0 0 3 1 e    8266.0538467139  1.414e-03   2
51 4 0 0 1 2 e    8279.1572532227  1.732e-03   1
54 0 1 1 3 1 e    8284.2013380498  4.359e-03   1
69 0 0 0 3 1 e    8308.0514691956  1.732e-03   1
33 1 0 0 3 1 e    8310.1013500819  1.414e-03   2
37 1 0 0 3 2 e    8312.3274107916  1.414e-03   4
55 0 1 1 3 1 f    8322.8911276938  5.292e-03   1
35 1 0 0 3 1 e    8356.8564561344  1.414e-03   3
56 0 1 1 3 1 e    8359.4038912759  4.359e-03   1
39 1 0 0 3 2 e    8364.5151616092  1.625e-03   4
57 0 1 1 3 1 f    8399.5497671697  5.099e-03   1
71 0 0 0 3 1 e    8403.3461301363  1.732e-03   2
37 1 0 0 3 1 e    8406.3197021882  1.414e-03   3
41 1 0 0 3 2 e    8419.4067928136  1.625e-03   4
2 1 1 1 3 2 e     8422.8428343247  4.276e-03   2
3 1 1 1 3 2 f     8424.8852492194  5.099e-03   2
4 1 1 1 3 2 e     8427.5967613206  4.297e-03   2
5 1 1 1 3 2 f     8431.0110821187  5.099e-03   2
59 4 0 0 1 3 e    8434.9986737925  1.732e-03   1
6 1 1 1 3 2 e     8435.0666694021  4.379e-03   2
58 0 1 1 3 1 e    8437.3053912759  4.359e-03   1
7 1 1 1 3 2 f     8439.8583385940  5.099e-03   2
8 1 1 1 3 2 e     8445.2533475994  4.317e-03   2
9 1 1 1 3 2 f     8451.4272206568  5.099e-03   2
10 1 1 1 3 2 e    8458.1578420829  4.386e-03   2
39 1 0 0 3 1 e    8458.4862819522  1.414e-03   3
11 1 1 1 3 2 f    8465.7187801915  5.099e-03   2
12 1 1 1 3 2 e    8473.7754125544  4.359e-03   2
43 1 0 0 3 2 e    8477.0046597738  1.732e-03   2
13 1 1 1 3 2 f    8482.7320617511  5.117e-03   2
14 1 1 1 3 2 e    8492.1104062930  4.458e-03   2
73 0 0 0 3 1 e    8501.3271910770  1.732e-03   2
15 1 1 1 3 2 f    8502.4657766992  5.134e-03   2
16 1 1 1 3 2 e    8513.1608099004  4.359e-03   2
41 1 0 0 3 1 e    8513.3604583719  1.414e-03   2
17 1 1 1 3 2 f    8524.9208329074  5.152e-03   1
18 1 1 1 3 2 e    8536.9258991424  4.359e-03   2
45 1 0 0 3 2 e    8537.3036181168  1.625e-03   3
19 1 1 1 3 2 f    8550.0963842504  5.169e-03   2
2 1 1 1 3 1 e     8555.2482308973  4.276e-03   1
3 1 1 1 3 1 f     8557.2891492194  5.246e-03   2
4 1 1 1 3 1 e     8559.9990848892  4.297e-03   1
20 1 1 1 3 2 e    8563.4060723430  4.359e-03   1
5 1 1 1 3 1 f     8563.4093932462  5.099e-03   1
6 1 1 1 3 1 e     8567.4630388681  4.317e-03   1
43 1 0 0 3 1 e    8570.9386169931  1.625e-03   3
7 1 1 1 3 1 f     8572.2481839417  5.099e-03   1
8 1 1 1 3 1 e     8577.6426563307  4.338e-03   1
21 1 1 1 3 2 f    8577.9916606600  5.187e-03   2
9 1 1 1 3 1 f     8583.8076573719  5.099e-03   1
22 1 1 1 3 2 e    8592.5999723430  4.359e-03   1
11 1 1 1 3 1 f    8598.0895030111  5.117e-03   1
47 1 0 0 3 2 e    8600.3048759780  1.625e-03   4
75 0 0 0 3 1 e    8601.9906910770  2.236e-03   1
12 1 1 1 3 1 e    8606.1464972736  4.359e-03   1
23 1 1 1 3 2 f    8608.6073993752  5.204e-03   2
13 1 1 1 3 1 f    8615.0904204910  5.134e-03   1
14 1 1 1 3 1 e    8624.4702153124  4.359e-03   1
24 1 1 1 3 2 e    8624.5084684339  4.359e-03   2
45 1 0 0 3 1 e    8631.2222347010  1.414e-03   2
15 1 1 1 3 1 f    8634.8087329074  5.152e-03   1
25 1 1 1 3 2 f    8641.9430614563  5.221e-03   2
16 1 1 1 3 1 e    8645.5060044885  4.359e-03   1
17 1 1 1 3 1 f    8657.2453500840  5.169e-03   1
26 1 1 1 3 2 e    8659.1299430214  4.359e-03   2
49 1 0 0 3 2 e    8666.0059156178  1.625e-03   3
18 1 1 1 3 1 e    8669.2537937964  4.359e-03   1
27 1 1 1 3 2 f    8677.9975270654  5.409e-03   1
19 1 1 1 3 1 f    8682.4019184168  5.187e-03   1
47 1 0 0 3 1 e    8694.2065716744  1.625e-03   2
20 1 1 1 3 1 e    8695.7157723430  4.359e-03   1
28 1 1 1 3 2 e    8696.4643445000  4.359e-03   2
21 1 1 1 3 1 f    8710.2751029032  5.204e-03   1
29 1 1 1 3 2 f    8716.7667611187  5.426e-03   2
22 1 1 1 3 1 e    8724.8904168567  4.359e-03   1
51 1 0 0 3 2 e    8734.4074863387  1.732e-03   3
30 1 1 1 3 2 e    8736.5087336612  4.359e-03   2
23 1 1 1 3 1 f    8740.8689958472  5.221e-03   1
24 1 1 1 3 1 e    8756.7780200110  4.359e-03   1
31 1 1 1 3 2 f    8758.2552259509  5.442e-03   1
49 1 0 0 3 1 e    8759.8953532227  1.732e-03   1
25 1 1 1 3 1 f    8774.1798270654  5.409e-03   1
32 1 1 1 3 2 e    8779.2669230546  4.359e-03   2
26 1 1 1 3 1 e    8791.3778660318  4.379e-03   1
33 1 1 1 3 2 f    8802.4595176013  5.623e-03   2
53 1 0 0 3 2 e    8805.5076404977  1.732e-03   2
27 1 1 1 3 1 f    8810.2074962864  5.426e-03   1
34 1 1 1 3 2 e    8824.7374017549  4.359e-03   1
51 1 0 0 3 1 e    8828.2862961717  1.732e-03   1
28 1 1 1 3 1 e    8828.6872229681  4.359e-03   1
29 1 1 1 3 1 f    8848.9505259509  5.442e-03   1
35 1 1 1 3 2 f    8849.3795671700  5.798e-03   2
30 1 1 1 3 1 e    8868.7084443543  4.379e-03   1
36 1 1 1 3 2 e    8872.9118013639  4.359e-03   2
55 1 0 0 3 2 e    8879.3050880499  1.795e-03   2
31 1 1 1 3 1 f    8890.4105068177  5.623e-03   1
37 1 1 1 3 2 f    8899.0150344597  5.968e-03   2
53 1 0 0 3 1 e    8899.3771848238  1.732e-03   1
32 1 1 1 3 1 e    8911.4414017549  4.359e-03   1
38 1 1 1 3 2 e    8923.8003114790  4.359e-03   2
33 1 1 1 3 1 f    8934.5854283849  5.798e-03   1
39 1 1 1 3 2 f    8951.3636629644  6.134e-03   1
57 1 0 0 3 2 e    8955.7975912759  1.732e-03   1
34 1 1 1 3 1 e    8956.8811683335  4.359e-03   1
55 1 0 0 3 1 e    8973.1682912759  1.732e-03   1
40 1 1 1 3 2 e    8977.3966656946  4.359e-03   2
35 1 1 1 3 1 f    8981.4763059550  5.968e-03   1
7 2 0 0 3 3 e     8996.4038486037  1.414e-03   1
36 1 1 1 3 1 e    9005.0341343943  4.359e-03   1
41 1 1 1 3 2 f    9006.4271514233  6.294e-03   2
11 2 0 0 3 3 e    9022.2300947346  1.414e-03   2
37 1 1 1 3 1 f    9031.0828629644  6.134e-03   1
42 1 1 1 3 2 e    9033.6978958990  4.359e-03   1
59 1 0 0 3 2 e    9034.9847548928  1.732e-03   1
13 2 0 0 3 3 e    9039.2200794805  1.414e-03   2
57 1 0 0 3 1 e    9049.6599737925  1.732e-03   1
38 1 1 1 3 1 e    9055.8959885636  4.359e-03   1
15 2 0 0 3 3 e    9058.9272202855  1.414e-03   2
43 1 1 1 3 2 f    9064.2019873514  6.451e-03   2
17 2 0 0 3 3 e    9081.3538280600  1.672e-03   2
39 1 1 1 3 1 f    9083.4022185050  6.294e-03   1
44 1 1 1 3 2 e    9092.7076818014  4.359e-03   1
19 2 0 0 3 3 e    9106.4950808313  1.414e-03   1
40 1 1 1 3 1 e    9109.4600428255  4.359e-03   1
61 1 0 0 3 2 e    9116.8648156863  1.732e-03   2
45 1 1 1 3 2 f    9124.6852653612  6.605e-03   2
59 1 0 0 3 1 e    9128.8473548928  1.732e-03   1
46 1 1 1 3 2 e    9154.4216166717  4.359e-03   1
23 2 0 0 3 3 e    9164.9298977151  1.414e-03   1
42 1 1 1 3 1 e    9165.7344958990  4.359e-03   1
47 1 1 1 3 2 f    9187.8818438738  6.901e-03   1
25 2 0 0 3 3 e    9198.2161369821  1.414e-03   1
63 1 0 0 3 2 e    9201.4372648008  1.732e-03   1
61 1 0 0 3 1 e    9210.7323764799  1.732e-03   1
48 1 1 1 3 2 e    9218.8432489497  4.359e-03   2
49 1 1 1 3 2 f    9253.7852438738  6.901e-03   1
29 2 0 0 3 3 e    9272.9392047340  1.414e-03   1
50 1 1 1 3 2 e    9285.9671812277  4.359e-03   1
46 1 1 1 3 1 e    9286.4039166717  4.359e-03   1
65 1 0 0 3 2 e    9288.6994380742  1.732e-03   2
48 1 1 1 3 1 e    9350.7920812277  4.359e-03   1
33 2 0 0 3 3 e    9358.5088058489  1.414e-03   1
67 1 0 0 3 2 e    9378.6513113477  1.732e-03   1
53 1 1 1 3 2 f    9393.7216638304  5.099e-03   1
55 1 1 1 3 2 f    9467.7447276938  5.292e-03   1
