0.281721483  0.000003336  0  0  0  22  4  18  0  0  0  21  5  17  78Lovas.1
0.285640860  0.000003336  0  0  0  32  6  26  0  0  0  31  7  25  78Lovas.2
0.301211628  0.000003336  0  0  0  1   1  1   0  0  0  2   0  2   78Lovas.3
0.308590063  0.000003336  0  0  0  37  7  31  0  0  0  36  8  28  78Lovas.4
0.351809951  0.000003336  0  0  0  16  4  12  0  0  0  17  3  15  78Lovas.5
0.363818255  0.000003336  0  0  0  35  8  28  0  0  0  36  7  29  78Lovas.6
0.437696010  0.000003336  0  0  0  5   2  4   0  0  0  6   1  5   78Lovas.7
0.437802750  0.000003336  0  0  0  15  4  12  0  0  0  16  3  13  78Lovas.8
0.479024589  0.000003336  0  0  0  25  6  20  0  0  0  26  5  21  78Lovas.9
0.480505613  0.000003336  0  0  0  12  2  10  0  0  0  11  3  9   78Lovas.10
0.489775357  0.000003336  0  0  0  30  7  23  0  0  0  31  6  26  78Lovas.11
0.545453860  0.000003336  0  1  0  5   2  4   0  1  0  6   1  5   78Lovas.12
0.551201167  0.000003336  0  0  0  23  4  20  0  0  0  22  5  17  78Lovas.13
0.587616349  0.000003336  0  0  0  14  2  12  0  0  0  15  1  15  78Lovas.14
0.594030785  0.000003336  0  0  0  8   2  6   0  0  0  9   1  9   78Lovas.15
0.609187933  0.000003336  0  0  0  15  2  14  0  0  0  14  3  11  78Lovas.16
0.753996405  0.000003336  0  0  0  20  5  15  0  0  0  21  4  18  78Lovas.17
0.803078679  0.000003336  0  0  0  19  3  17  0  0  0  18  4  14  78Lovas.18
0.899398620  0.000003336  0  0  0  33  6  28  0  0  0  32  7  25  78Lovas.19
1.012693633  0.000003336  0  0  0  28  5  23  0  0  0  27  6  22  78Lovas.20
1.047177479  0.000003336  0  1  0  4   0  4   0  1  0  3   1  3   78Lovas.21
1.084378204  0.000003336  0  0  0  4   0  4   0  0  0  3   1  3   78Lovas.22
1.174075232  0.000003336  0  0  0  9   3  7   0  0  0  10  2  8   78Lovas.23
1.199089196  0.000003336  0  0  0  8   1  7   0  0  0  7   2  6   78Lovas.24
1.204626358  0.000003336  0  0  0  6   2  4   0  0  0  7   1  7   78Lovas.25
1.222368627  0.000003336  0  0  0  17  2  16  0  0  0  16  3  13  78Lovas.26
1.225767645  0.000003336  0  0  0  18  3  15  0  0  0  17  4  14  78Lovas.27
1.228943174  0.000003336  0  0  0  19  5  15  0  0  0  20  4  16  78Lovas.28
1.240344391  0.000003336  0  0  0  16  2  14  0  0  0  17  1  17  78Lovas.29
1.245781485  0.000003336  0  0  0  10  3  7   0  0  0  11  2  10  78Lovas.30
1.286476293  0.000003336  0  0  0  24  6  18  0  0  0  25  5  21  78Lovas.31
