     000    0    0    0           0.000000	0	   38	    A+   
     001    8    1    8        4478.929346	47	   4	    B+   
     000    7    1    7         585.161857	1	   90	    A+   
     001    7    0    7        4323.907761	28	   6	    A+   
     000    6    0    6         445.719206	1	   101	    A+   
     001    6    2    5        4288.332498	16	   7	    A+   
     000    5    2    4         415.128034	1	   115	    A+   
     001    5    2    3        4187.672015	17	   7	    A+   
     000    4    2    2         315.078497	1	   137	    A+   
     001    6    1    6        4187.252217	17	   7	    A+   
     000    5    1    5         325.880179	1	   122	    A+   
     001    5    0    5        4067.864254	17	   8	    A+   
     000    4    0    4         221.620827	1	   132	    A+   
     001    4    2    3        4041.643693	21	   8	    A+   
     000    3    2    2         205.481794	1	   143	    A+   
     001    4    3    2        4116.333400	23	   8	    A+   
     000    3    3    1         283.561587	1	   102	    A+   
     001    4    1    4        3969.279355	20	   7	    A+   
     000    3    1    3         141.902402	1	   134	    A+   
     001    3    1    2        3919.001515	15	   8	    A+   
     000    2    1    1          94.970546	1	   116	    A+   
     001    3    2    1        3954.655596	19	   8	    A+   
     000    2    2    0         135.431181	1	   102	    A+   
     001    3    0    3        3882.992973	35	   7	    A+   
     000    2    0    2          70.004651	1	   104	    A+   
     001    2    1    2        3825.716320	20	   8	    A+   
     000    1    1    1          36.931115	1	   81	    A+   
     001    1    0    1        3771.860655	46	   5	    B+   
     001    3    3    0        4021.194855	35	   5	    B+   
     000    4    3    1         382.175908	1	   113	    A+   
     001    2    2    1        3877.438561	28	   4	    B+   
     000    4    1    3         275.130532	1	   141	    A+   
     000    5    3    3         502.179606	1	   121	    A+   
     000    6    2    4         601.960793	1	   102	    A+   
     000    7    2    6         708.016282	1	   89	    A+   
     010    6    3    3        2277.323881	13	   14	    A+   
     000    7    4    4         924.641358	2	   64	    A+   
     010    5    3    3        2120.972483	33	   21	    A+   
     000    6    4    2         754.811633	1	   87	    A+   
     010    4    4    0        2122.952640	18	   15	    A+   
     000    5    5    1         737.620357	2	   48	    A+   
     010    4    3    1        2000.598776	13	   15	    A+   
     000    5    4    2         607.159208	1	   101	    A+   
     010    3    3    1        1902.159363	13	   17	    A+   
     000    4    4    0         485.236769	1	   75	    A+   
     010    7    1    7        2176.360244	17	   12	    A+   
     000    8    0    8         742.398553	8	   67	    A+   
     010    2    2    0        1739.228479	12	   15	    A+   
     010    2    1    1        1689.992783	13	   16	    A+   
     010    4    0    4        1813.611944	12	   17	    A+   
     010    1    1    1        1631.315024	15	   15	    A+   
     010    3    1    3        1735.665760	11	   22	    A+   
     010    2    0    2        1661.459541	17	   17	    A+   
     010    3    2    2        1809.444072	11	   23	    A+   
     010    6    2    4        2206.854919	13	   14	    A+   
     000    6    3    3         659.986669	1	   104	    A+   
     010    4    1    3        1871.655006	15	   15	    A+   
     010    4    2    2        1918.657740	12	   18	    A+   
     000    6    1    5         541.996753	1	   112	    A+   
     010    5    1    5        1918.654831	13	   16	    A+   
     010    6    0    6        2037.397702	14	   14	    A+   
     010    8    0    8        2332.400318	172	   10	    A+   
     010    5    4    2        2244.959505	15	   14	    A+   
     010    5    5    1        2397.778736	18	   6	    A+   
     001    1    1    0        3789.202141	79	   2	    B+   
     001    5    4    1        4335.337336	23	   7	    A+   
     001    4    4    1        4214.566348	26	   4	    B+   
     001    5    1    4        4141.695643	19	   7	    A+   
     011    6    1    6        5759.754338	244	   7	    A+   
     011    5    0    5        5640.472699	203	   8	    A+   
     011    4    3    2        5713.556599	200	   10	    A+   
     011    3    1    2        5495.016593	269	   6	    A+   
     011    3    2    1        5538.028034	179	   11	    A+   
     011    3    0    3        5455.401241	185	   9	    A+   
     011    2    2    1        5460.569062	277	   6	    A+   
     011    2    1    2        5400.128048	227	   7	    A+   
     011    1    0    1        5343.832627	211	   7	    A+   
     011    1    1    0        5364.153935	476	   4	    B+   
     011    3    3    0        5617.458241	188	   7	    A+   
     011    7    0    7        5895.393133	264	   5	    B+   
     000    8    4    4        1128.937979	2	   44	    A+   
     000    7    3    5         814.610580	1	   78	    A+   
     000    8    5    3        1251.290879	2	   31	    A+   
     000    8    3    5        1048.656869	2	   50	    A+   
     000    8    2    6         981.495838	2	   53	    A+   
     000    8    1    7         881.098906	1	   70	    A+   
     000    10    3    7        1536.156447	35	   19	    A+   
     000    10    2    8        1435.367179	17	   25	    A+   
     000    9    4    6        1337.489317	18	   32	    A+   
     000    9    3    7        1213.562149	8	   39	    A+   
     000    6    5    1         884.113589	2	   53	    A+   
     000    7    5    3        1055.053893	3	   45	    A+   
     000    9    2    8        1078.020270	8	   47	    A+   
     000    10    1    9        1290.228056	17	   28	    A+   
     000    6    6    0        1038.765139	8	   32	    A+   
     000    7    6    2        1209.813117	4	   34	    A+   
     000    9    1    9         918.140418	8	   45	    A+   
     000    7    7    1        1386.418353	71	   13	    A+   
     000    8    7    1        1582.196823	13	   10	    A+   
     000    8    6    2        1405.180703	13	   24	    A+   
     000    9    7    3        1801.985537	145	   7	    A+   
     000    9    6    4        1624.693370	18	   14	    A+   
     000    10    0    10        1112.024438	45	   27	    A+   
     000    11    2    10        1521.782291	38	   21	    A+   
     000    11    1    11        1324.128438	118	   21	    A+   
     000    12    0    12        1554.336859	213	   15	    A+   
     000    13    1    13        1802.600282	214	   10	    A+   
     000    12    1    11        1770.712325	153	   11	    A+   
     000    11    3    9        1691.485033	40	   12	    A+   
     000    12    3    9        2102.554439	95	   6	    A+   
     000    11    4    8        1839.037926	63	   10	    A+   
     000    12    2    10        1956.235522	137	   13	    A+   
     000    14    0    14        2068.841891	220	   3	    B+   
     000    13    2    12        2037.854425	217	   7	    A+   
     000    15    1    15        2352.987294	225	   3	    B+   
     000    14    1    13        2322.722825	222	   2	    B+   
     000    13    3    11        2243.294498	204	   3	    B+   
     000    16    0    16        2654.950294	230	   2	    B+   
     000    9    5    5        1470.225389	19	   25	    A+   
     000    11    5    7        1980.752651	218	   6	    A+   
     000    10    4    6        1613.900970	34	   15	    A+   
     000    10    5    5        1720.184054	40	   13	    A+   
     000    8    8    0        1778.305754	85	   4	    B+   
     000    10    6    4        1868.858235	41	   9	    A+   
     000    11    6    6        2135.859488	115	   4	    B+   
     000    9    8    2        1998.958323	49	   3	    B+   
     000    10    7    3        2045.664266	217	   3	    B+   
     000    9    9    1        2212.175854	97	   2	    B-   
     000    10    8    2        2243.312143	152	   3	    B+   
     000    11    7    5        2312.996947	124	   4	    B+   
     000    12    6    6        2430.924534	71	   2	    B+   
     000    10    9    1        2457.838523	68	   2	    B-   
     000    12    7    5        2604.207688	124	   1	    C   
     000    10    10    0        2685.842754	108	   2	    B-   
     000    11    9    3        2726.864044	159	   2	    B-   
     000    12    8    4        2802.294647	132	   1	    C   
     000    11    10    2        2956.643723	83	   1	    C   
     000    12    9    3        3018.978763	948	   1	    C   
     000    11    8    4        2511.161463	947	   2	    B+   
     000    11    11    1        3197.183854	118	   1	    C   
     000    12    4    8        2202.898745	209	   2	    B+   
     000    12    10    2        3250.427644	166	   1	    C   
     000    13    5    9        2580.938622	145	   2	    B+   
     000    13    4    10        2421.221320	2519	   2	    B+   
     000    14    3    11        2734.344825	222	   2	    B+   
     010    5    2    4        2019.551617	16	   13	    A+   
     010    7    2    6        2313.445661	16	   12	    A+   
     010    6    1    5        2141.944534	14	   13	    A+   
     010    8    1    7        2485.151173	15	   11	    A+   
     010    7    3    5        2434.228986	16	   11	    A+   
     010    6    4    2        2392.386622	15	   13	    A+   
     010    9    1    9        2506.912412	29	   6	    A+   
     010    10    0    10        2699.207707	23	   4	    B+   
     010    9    2    8        2684.746777	17	   8	    A+   
     010    6    5    1        2544.433686	18	   6	    A+   
     010    8    2    6        2590.963861	14	   6	    A-   
     010    9    3    7        2835.152406	17	   7	    A-   
     010    10    6    4        3554.231802	124	   3	    B-   
     010    10    5    5        3378.758844	40	   4	    B-   
     010    10    7    3        3757.760163	51	   3	    B-   
     010    9    4    6        2976.121898	20	   7	    A-   
     010    9    5    5        3130.731312	19	   6	    A-   
     010    9    6    4        3310.256945	50	   3	    B-   
     010    10    4    6        3247.242968	37	   5	    B-   
     010    8    5    3        2911.524978	17	   7	    A-   
     010    8    6    2        3090.587796	36	   6	    A-   
     010    8    4    4        2764.944145	18	   7	    A-   
     010    7    5    3        2715.502407	16	   7	    A-   
     010    7    4    4        2562.599322	21	   5	    B-   
     010    7    6    2        2894.986157	28	   4	    B-   
     010    10    3    7        3156.736186	25	   5	    B-   
     010    8    3    5        2665.608997	15	   6	    A-   
     010    12    0    12        3137.700715	160	   3	    B-   
     010    12    1    11        3378.697496	184	   4	    B-   
     010    13    1    13        3383.714492	353	   2	    B-   
     010    11    1    11        2909.533360	87	   3	    B-   
     010    11    2    10        3129.590619	57	   4	    B-   
     010    11    3    9        3316.119937	96	   4	    B-   
     010    10    1    9        2896.917797	29	   3	    B-   
     010    11    4    8        3479.648148	69	   4	    B-   
     010    13    2    12        3646.236012	341	   2	    B-   
     010    12    2    10        3580.279268	74	   3	    B-   
     010    10    2    8        3052.430739	23	   5	    B-   
     010    6    6    0        2723.622209	54	   3	    B+   
     010    7    7    1        3097.342417	47	   1	    C   
     010    8    7    1        3293.603310	34	   2	    B-   
     010    9    7    3        3513.800036	72	   2	    B-   
     010    17    1    17        4544.655494	235	   1	    C   
     010    14    1    13        3931.133825	222	   1	    C   
     010    15    2    14        4233.854125	227	   1	    C   
     010    13    3    11        3871.413727	2518	   2	    B-   
     010    11    5    7        3641.473870	58	   1	    C   
     010    11    6    6        3821.329954	62	   1	    C   
     010    0    0    0        1591.325719	47	   2	    B+   
     020    5    3    3        3710.522249	29	   7	    A-   
     020    4    2    2        3488.301263	29	   6	    A-   
     020    3    1    3        3292.911109	16	   9	    A-   
     020    3    2    2        3379.961075	23	   8	    A-   
     020    2    2    0        3309.574846	18	   7	    A-   
     020    5    1    5        3475.059029	36	   3	    B-   
     020    2    1    1        3248.416855	40	   5	    B-   
     020    4    0    4        3368.247162	34	   6	    A-   
     020    1    1    1        3189.173857	24	   6	    A-   
     020    2    0    2        3215.229707	18	   6	    A-   
     020    6    2    4        3776.971957	46	   5	    B-   
     020    4    1    3        3431.493895	49	   6	    A-   
     020    0    0    0        3144.980520	46	   2	    B-   
     020    6    0    6        3592.459357	27	   4	    B-   
     020    6    1    5        3705.543797	34	   4	    B-   
     020    9    1    9        4060.259708	187	   3	    B-   
     020    3    3    1        3491.694545	65	   4	    B-   
     020    4    3    1        3589.869332	46	   5	    B-   
     020    4    4    0        3736.421647	51	   4	    B-   
     020    5    5    1        4038.297926	129	   3	    B-   
     020    5    2    4        3590.544677	46	   4	    B-   
     020    8    0    8        3886.529613	48	   2	    B-   
     020    5    4    2        3858.438448	99	   2	    B-   
     020    7    1    7        3731.561229	55	   2	    B-   
     020    7    2    6        3885.724586	52	   3	    B-   
     020    6    3    3        3864.934300	47	   4	    B-   
     020    8    1    7        4054.432553	473	   1	    C   
     020    7    3    5        4024.359625	320	   3	    B-   
     020    10    0    10        4251.267418	473	   1	    C   
     020    6    4    2        4005.550371	47	   2	    B-   
     020    7    4    4        4175.939551	297	   3	    B-   
     020    9    2    8        4259.071106	47	   1	    C   
     020    6    5    1        4184.944678	48	   2	    B-   
     020    8    6    2        4759.398310	152	   3	    B-   
     020    6    6    0        4392.671401	47	   3	    B-   
     020    10    5    5        5016.934500	30	   1	    C   
     100    7    1    7        4227.164892	34	   4	    B-   
     100    8    5    3        4880.552168	43	   4	    B-   
     100    6    1    5        4185.570237	33	   4	    B-   
     100    6    0    6        4090.432567	30	   4	    B-   
     100    6    6    0        4667.510821	98	   2	    B-   
     100    8    4    4        4763.103163	45	   4	    B-   
     100    7    2    6        4347.748551	33	   5	    B-   
     100    7    4    4        4556.906614	35	   5	    B-   
     100    6    5    1        4518.087838	41	   4	    B-   
     100    7    3    5        4451.856790	34	   3	    B-   
     100    6    4    2        4394.567443	27	   6	    A-   
     100    8    3    5        4683.944699	144	   4	    B-   
     100    5    4    2        4249.825251	23	   5	    B-   
     100    4    0    4        3870.677464	25	   2	    B-   
     100    5    1    5        3972.806296	25	   4	    B-   
     100    12    0    12        5178.401282	519	   1	    C   
     100    6    3    3        4302.163869	32	   6	    A-   
     100    5    3    3        4144.595123	31	   5	    B-   
     100    4    4    0        4127.592395	19	   3	    B-   
     100    10    1    9        4919.104091	61	   1	    C   
     100    11    1    11        4952.051059	218	   1	    C   
     100    5    2    4        4060.153486	25	   4	    B-   
     100    8    2    6        4617.605553	48	   2	    B-   
     100    9    3    7        4843.898748	508	   2	    B-   
     100    4    3    1        4026.211487	35	   2	    B-   
     100    10    0    10        4743.958738	128	   1	    C   
     100    9    2    8        4710.851252	114	   2	    B-   
     100    6    2    4        4244.828499	28	   4	    B-   
     100    8    1    7        4517.895535	37	   4	    B-   
     100    9    1    9        4553.784278	29	   3	    B-   
     100    3    3    1        3929.617888	27	   3	    B-   
     100    4    2    2        3961.829640	18	   5	    B-   
     100    8    0    8        4381.459247	30	   3	    B-   
     100    3    2    2        3854.144308	33	   4	    B-   
     100    3    1    3        3792.255291	23	   4	    B-   
     100    2    2    0        3785.319386	21	   3	    B-   
     100    4    1    3        3923.542175	24	   4	    B-   
     100    2    1    1        3746.353376	32	   3	    B-   
     100    2    0    2        3721.948868	25	   3	    B-   
     100    0    0    0        3653.142275	28	   1	    C   
     100    5    5    1        4373.400733	47	   1	    C   
     100    1    1    1        3689.174133	33	   2	    B-   
     100    9    5    5        5098.943648	38	   2	    B-   
     100    9    6    4        5245.626389	473	   1	    C   
     100    8    6    2        5029.027686	41	   2	    B-   
     100    7    6    2        4836.284093	47	   1	    C   
     100    10    5    5        5342.676817	51	   1	    C   
     100    9    7    3        5417.369703	473	   1	    C   
     100    10    6    4        5486.380389	473	   1	    C   
     100    10    4    6        5239.907149	473	   1	    C   
     001    7    4    3        4653.135935	24	   5	    B-   
     001    8    3    6        4731.631482	25	   7	    A-   
     001    6    3    4        4378.524864	17	   6	    A-   
     001    5    3    2        4240.126664	18	   6	    A-   
     001    7    2    5        4519.275064	26	   6	    A-   
     001    7    1    6        4440.034380	25	   4	    B-   
     001    11    4    7        5621.604357	209	   2	    B-   
     001    14    1    14        5784.776579	220	   2	    B-   
     001    11    2    9        5407.940882	51	   2	    B-   
     001    10    4    7        5294.062238	77	   5	    B+   
     001    9    6    3        5326.399049	30	   2	    B-   
     001    9    4    5        5077.726122	34	   4	    B-   
     001    9    5    4        5184.937645	36	   4	    B-   
     001    10    3    8        5165.507676	28	   4	    B-   
     001    9    3    6        5012.979299	46	   3	    B-   
     001    8    6    3        5108.919834	37	   4	    B-   
     001    8    2    7        4616.502105	21	   5	    B-   
     001    8    5    4        4964.326626	104	   4	    B-   
     001    9    2    7        4930.169956	23	   4	    B-   
     001    10    2    9        5017.447398	47	   4	    B-   
     001    8    4    5        4841.264832	30	   5	    B-   
     001    7    6    1        4915.675210	45	   2	    B-   
     001    9    1    8        4807.161602	25	   4	    B-   
     001    7    5    2        4771.234128	24	   4	    B-   
     001    11    0    11        5051.525238	65	   2	    B-   
     001    6    5    2        4601.838212	18	   4	    B-   
     001    10    1    10        4842.732187	59	   2	    B-   
     001    6    4    3        4479.841751	267	   5	    B-   
     001    5    5    0        4457.025869	35	   2	    B-   
     001    9    0    9        4651.827441	39	   2	    B-   
     001    9    7    2        5492.080537	495	   1	    C   
     001    7    3    4        4577.705434	31	   3	    B-   
     001    11    1    10        5244.376086	33	   1	    C   
     001    11    6    5        5834.324135	63	   1	    C   
     001    12    2    11        5489.533091	61	   1	    C   
     001    11    5    6        5703.461054	474	   1	    C   
     001    12    4    9        5830.260926	477	   1	    C   
     001    12    5    8        5972.543651	521	   1	    C   
     001    13    2    11        5952.752522	492	   1	    C   
     001    11    3    8        5533.332353	59	   2	    B+   
     100    7    5    3        4687.038051	33	   4	    B-   
     021    8    1    8        7586.664663	48	   4	    B+   
     021    8    2    7        7757.104986	51	   4	    B+   
     021    7    2    5        7660.858275	194	   5	    B+   
     021    7    0    7        7433.185115	56	   6	    A+   
     021    7    1    6        7572.213741	269	   6	    A+   
     021    6    1    6        7298.528742	29	   7	    A+   
     021    6    2    5        7426.919691	65	   5	    B+   
     021    5    2    3        7324.035748	32	   8	    A+   
     021    5    1    4        7264.868988	42	   9	    A+   
     120    4    1    3        7046.316403	53	   3	    B+   
     021    6    3    4        7546.881403	40	   5	    B+   
     021    5    0    5        7178.770528	62	   6	    A+   
     120    2    0    2        6833.785565	317	   4	    B+   
     021    5    3    2        7406.863623	59	   7	    A+   
     021    4    1    4        7082.010423	58	   8	    A+   
     021    6    4    3        7684.358011	443	   4	    B+   
     021    4    2    3        7176.182290	36	   8	    A+   
     021    3    1    2        7036.932926	52	   6	    A+   
     021    3    0    3        6992.974994	44	   7	    A+   
     021    3    2    1        7088.600166	30	   9	    A+   
     021    4    3    2        7282.214966	23	   6	    A+   
     021    5    4    1        7538.989060	53	   4	    B+   
     120    2    1    1        6866.104180	50	   3	    B+   
     021    2    1    2        6940.553652	46	   7	    A+   
     021    3    3    0        7185.823199	38	   3	    B+   
     021    2    2    1        7012.232062	78	   4	    B+   
     021    1    1    0        6905.103324	117	   4	    B+   
     021    4    4    1        7417.666483	258	   4	    B+   
     021    1    0    1        6880.877601	220	   4	    B+   
     021    5    5    0        7704.513028	851	   4	    B+   
     120    4    2    2        7101.215359	124	   5	    B+   
     200    6    5    1        8036.461089	539	   3	    B+   
     200    3    1    3        7329.589300	46	   5	    B-   
     200    5    5    1        7894.011516	163	   4	    B+   
     200    6    4    2        7916.502798	55	   4	    B+   
     200    5    4    2        7772.870520	60	   5	    B+   
     101    5    2    3        7666.305375	35	   6	    A-   
     200    4    4    0        7654.241358	68	   4	    B-   
     200    5    2    4        7591.968045	39	   6	    A+   
     021    7    4    3        7856.664579	70	   4	    B+   
     200    4    3    1        7558.818272	29	   6	    A+   
     101    3    2    1        7440.196486	69	   5	    B-   
     200    6    2    4        7774.988484	62	   4	    B+   
     101    10    2    9        8482.899164	48	   2	    B-   
     101    11    0    11        8516.615598	3270	   2	    B-   
     101    9    2    7        8399.459792	329	   3	    B+   
     200    9    1    9        8077.136426	347	   3	    B+   
     101    5    1    4        7625.273554	49	   6	    A+   
     101    8    4    5        8310.273657	47	   3	    B-   
     101    7    6    1        8379.295555	50	   2	    B+   
     200    3    3    1        7462.877613	140	   4	    B-   
     101    9    1    8        8277.361616	47	   3	    B-   
     101    7    5    2        8238.948991	54	   4	    B+   
     101    10    1    10        8311.857510	251	   3	    B+   
     101    8    3    6        8202.967930	85	   4	    B-   
     200    7    2    6        7874.630582	46	   5	    B+   
     200    4    2    2        7496.824188	85	   5	    B+   
     101    7    4    3        8125.252748	38	   4	    B+   
     101    7    3    4        8048.556810	55	   6	    A+   
     120    5    3    3        7315.668468	230	   7	    A+   
     200    3    2    2        7389.273866	31	   4	    B-   
     200    6    1    5        7716.263634	124	   4	    B-   
     101    8    2    7        8090.192276	140	   4	    B+   
     101    9    0    9        8124.780938	65	   1	    C   
     200    7    1    7        7756.570666	284	   3	    B-   
     021    9    0    9        7757.058042	48	   3	    B+   
     101    6    5    2        8072.756785	47	   3	    B-   
     101    7    2    5        7999.923818	165	   3	    B-   
     021    10    1    10        7945.203428	884	   2	    B+   
     101    6    4    3        7953.355339	40	   4	    B+   
     101    2    1    2        7314.064613	30	   4	    B-   
     002    6    1    5        7957.841849	1179	   3	    B-   
     200    7    4    4        8081.890174	47	   2	    B-   
     101    7    1    6        7917.553630	87	   4	    B-   
     200    6    0    6        7622.454981	189	   3	    B-   
     021    11    0    11        8150.734016	372	   4	    B+   
     200    2    2    0        7322.391693	39	   3	    B-   
     101    6    3    4        7856.998293	61	   6	    A+   
     200    4    1    3        7459.140307	47	   5	    B+   
     101    5    5    0        7930.746589	473	   1	    C   
     200    7    3    5        7974.956752	47	   2	    B-   
     101    3    0    3        7370.958372	29	   5	    B-   
     101    5    4    1        7812.557110	85	   5	    B+   
     101    7    0    7        7803.199527	38	   3	    B-   
     101    6    2    5        7768.987340	40	   4	    B-   
     200    5    1    5        7506.896127	38	   3	    B-   
     101    5    3    2        7722.858423	34	   5	    B+   
     021    9    1    8        7947.057618	48	   3	    B+   
     200    5    3    3        7677.756897	43	   5	    B-   
     101    4    1    4        7454.659375	39	   4	    B-   
     101    8    1    8        7955.203963	47	   2	    B-   
     021    7    3    4        7736.575692	111	   4	    B+   
     200    2    1    1        7284.716866	47	   3	    B-   
     200    4    0    4        7406.882260	75	   3	    B-   
     021    10    2    9        8161.071070	48	   1	    C   
     101    6    1    6        7669.160341	34	   5	    B+   
     101    4    4    1        7693.861539	38	   2	    B-   
     021    8    3    6        7902.307690	78	   4	    B+   
     200    1    1    1        7228.301504	159	   3	    B-   
     101    4    3    2        7599.187435	63	   7	    A+   
     021    9    2    7        8085.410426	47	   3	    B+   
     101    5    0    5        7552.174358	37	   4	    B-   
     101    4    2    3        7524.712302	42	   4	    B-   
     200    2    0    2        7260.940795	30	   3	    B-   
     200    6    3    3        7829.048024	39	   3	    B+   
     101    3    3    0        7505.124112	74	   3	    B-   
     021    8    4    5        8047.687965	50	   3	    B+   
     101    3    1    2        7406.726435	36	   4	    B-   
     101    1    0    1        7261.874313	48	   3	    B-   
     200    0    0    0        7193.246415	47	   1	    C   
     101    2    2    1        7364.778873	40	   3	    B-   
     101    8    6    3        8568.390412	50	   3	    B+   
     101    8    5    4        8428.860886	615	   2	    B-   
     101    1    1    0        7278.706081	37	   2	    B-   
     002    6    0    6        7863.077930	118	   3	    B-   
     002    2    0    2        7499.368752	47	   2	    B-   
     101    9    3    6        8490.473404	548	   3	    B+   
     200    7    5    3        8202.119358	473	   1	    C   
     200    6    6    0        8180.879584	1089	   2	    B-   
     002    4    0    4        7645.933279	47	   1	    C   
     200    8    1    7        8042.242515	48	   2	    B+   
     200    10    0    10        8263.826318	48	   1	    C   
     002    3    1    3        7567.706327	47	   1	    C   
     101    9    6    3        8781.733703	473	   1	    C   
     101    9    5    4        8645.413171	1361	   2	    B+   
     002    0    0    0        7431.076115	473	   1	    C   
     101    10    3    8        8628.406449	48	   1	    C   
     101    9    4    5        8545.106574	411	   2	    B+   
     101    10    4    7        8754.599517	51	   1	    C   
     002    2    1    1        7522.669151	47	   1	    C   
     002    4    3    1        7791.722497	473	   1	    C   
     002    3    3    1        7694.325081	47	   1	    C   
     002    5    3    3        7909.094097	47	   1	    C   
     000    13    6    8        2741.105439	482	   1	    C   
     000    14    2    12        2545.491232	216	   1	    C   
     000    12    5    7        2296.597551	48	   1	    C   
     041    2    2    1       10017.898681	473	   1	    C   
     121    5    1    4       10712.050988	952	   4	    B+   
     121    8    2    7       11194.131676	335	   2	    B-   
     121    7    2    5       11098.295116	435	   2	    B-   
     121    8    3    6       11334.521264	458	   2	    B-   
     121    7    3    4       11172.869785	424	   3	    B-   
     121    3    0    3       10444.471909	362	   4	    B-   
     121    7    1    6       11012.993129	383	   2	    B-   
     121    7    0    7       10875.680312	451	   4	    B+   
     121    4    1    4       10531.355718	1196	   6	    A+   
     121    6    1    6       10743.551942	629	   3	    B+   
     121    7    4    3       11287.847956	489	   2	    B-   
     121    5    2    3       10767.329872	320	   3	    B+   
     121    6    3    4       10985.582832	253	   4	    B-   
     121    5    0    5       10626.427150	248	   4	    B+   
     121    5    3    2       10848.284670	1024	   4	    B+   
     121    6    4    3       11120.209063	288	   7	    A+   
     121    4    2    3       10623.137148	432	   3	    B-   
     121    3    1    2       10486.696194	330	   4	    B+   
     220    3    2    2       10493.219317	342	   2	    B-   
     121    5    4    1       10975.644559	297	   2	    B+   
     121    3    2    1       10537.329396	380	   2	    B-   
     121    4    3    2       10725.591444	447	   3	    B-   
     300    5    5    1       11265.304823	1265	   2	    B-   
     300    6    4    2       11290.553386	422	   2	    B-   
     121    3    3    0       10630.741648	336	   2	    B-   
     121    4    4    1       10856.467017	410	   3	    B+   
     121    2    1    2       10392.417824	292	   3	    B-   
     121    2    2    1       10461.892076	360	   5	    B+   
     121    6    6    1       11468.255528	992	   2	    B-   
     121    1    1    0       10357.838359	262	   2	    B+   
     121    1    0    1       10334.443408	784	   3	    B+   
     201    5    2    3       11020.938861	288	   6	    A+   
     201    12    1    12       12070.435610	373	   2	    B-   
     201    9    4    5       11882.237081	317	   4	    B-   
     201    4    2    3       10878.847609	251	   6	    A+   
     201    9    3    6       11814.691091	483	   3	    B-   
     300    11    1    11       11838.403598	1375	   2	    B-   
     300    4    0    4       10796.107971	319	   3	    B-   
     201    10    2    9       11818.495931	541	   2	    B-   
     201    11    0    11       11852.377559	518	   1	    C   
     220    10    3    7       11822.608581	920	   2	    B-   
     300    5    3    3       11056.798459	358	   3	    B-   
     201    9    2    7       11741.105661	469	   2	    B-   
     201    4    1    4       10810.296474	435	   6	    A+   
     201    8    4    5       11648.955034	513	   3	    B+   
     300    5    2    4       10974.183999	262	   6	    A+   
     201    9    1    8       11617.091157	374	   3	    B-   
     201    7    5    2       11578.521384	391	   3	    B-   
     041    9    5    4       11620.548881	343	   2	    B-   
     300    4    3    1       10942.000502	335	   2	    B-   
     201    7    4    3       11467.914891	238	   4	    B-   
     300    9    1    9       11454.346838	475	   1	    C   
     201    6    6    1       11553.774828	514	   2	    B-   
     201    7    3    4       11394.500629	386	   4	    B-   
     201    8    2    7       11433.500317	656	   4	    B-   
     201    9    0    9       11467.775414	206	   4	    B+   
     201    7    2    5       11340.198314	236	   5	    B+   
     201    6    5    2       11414.564752	333	   3	    B-   
     300    3    3    1       10847.236735	435	   4	    B+   
     201    6    2    5       11116.917970	540	   2	    B-   
     300    8    0    8       11288.324518	473	   1	    C   
     300    7    3    5       11356.153239	299	   5	    B-   
     201    3    1    2       10762.520550	83	   6	    A+   
     201    8    1    8       11301.418795	198	   4	    B+   
     201    7    1    6       11265.214088	251	   5	    B+   
     201    2    1    2       10672.518416	434	   6	    A+   
     201    6    3    4       11205.062045	401	   4	    B-   
     300    6    1    5       11100.323282	473	   1	    C   
     300    3    2    2       10778.156006	216	   6	    A+   
     121    5    5    0       11135.967057	473	   1	    C   
     300    7    4    4       11453.003274	475	   2	    B-   
     300    3    1    3       10719.563527	334	   3	    B-   
     201    5    4    1       11159.578006	302	   6	    A+   
     201    5    3    2       11073.056149	304	   5	    B+   
     220    5    2    4       10695.586932	473	   1	    C   
     121    6    2    5       10869.389270	468	   2	    B-   
     300    2    2    0       10711.089310	270	   4	    B-   
     300    7    1    7       11139.501794	1240	   2	    B-   
     300    4    1    3       10847.698452	312	   3	    B-   
     201    4    4    1       11042.671708	473	   1	    C   
     201    5    1    4       10980.700297	247	   5	    B+   
     121    8    1    8       11026.001565	745	   2	    B+   
     201    7    0    7       11152.427684	670	   3	    B+   
     300    5    1    5       10894.034607	432	   3	    B-   
     201    4    3    2       10950.997337	398	   7	    A+   
     300    6    0    6       11007.778553	473	   1	    C   
     300    2    1    1       10675.782288	424	   2	    B-   
     201    3    3    0       10858.347635	414	   5	    B+   
     201    6    1    6       11020.826916	346	   2	    B-   
     201    3    2    1       10795.971855	282	   4	    B+   
     102    5    5    1       11527.546552	481	   2	    B-   
     201    5    0    5       10906.135183	196	   4	    B+   
     201    8    6    3       11905.143703	473	   1	    C   
     300    4    2    2       10883.777302	2050	   3	    B+   
     201    7    7    0       11888.703453	478	   1	    C   
     201    3    0    3       10728.513011	57	   3	    B+   
     300    2    0    2       10652.761693	343	   4	    B+   
     201    8    5    4       11765.233586	358	   2	    B-   
     201    2    2    1       10721.427282	79	   5	    B+   
     102    5    4    2       11414.286567	459	   3	    B-   
     201    1    1    0       10637.552537	334	   3	    B+   
     201    6    4    3       11299.417133	473	   1	    C   
     300    1    1    1       10619.564109	472	   2	    B+   
     201    1    0    1       10621.741521	305	   3	    B+   
     102    5    1    5       11162.046900	914	   3	    B-   
     102    4    4    0       11297.050157	473	   1	    C   
     102    5    2    4       11244.951051	480	   2	    B-   
     300    8    2    6       11518.730806	473	   1	    C   
     102    8    0    8       11557.115318	473	   1	    C   
     102    7    2    6       11523.516384	465	   2	    B-   
     102    4    2    2       11151.513102	380	   4	    B-   
     300    6    5    1       11405.699333	473	   1	    C   
     102    3    2    2       11044.749762	413	   3	    B-   
     201    8    3    6       11544.258121	348	   3	    B-   
     102    7    1    7       11407.859378	465	   2	    B-   
     102    2    2    0       10977.869375	345	   3	    B-   
     102    4    3    1       11208.005385	495	   3	    B-   
     201    9    5    4       11979.428579	473	   1	    C   
     102    6    0    6       11275.780726	478	   2	    B-   
     102    2    1    1       10943.365258	357	   3	    B-   
     102    4    0    4       11063.844803	915	   3	    B-   
     102    6    4    2       11556.580305	478	   2	    B-   
     201    11    1    10       12038.098255	473	   1	    C   
     022    9    3    7       11734.839538	473	   1	    C   
     201    14    1    14       12557.687882	519	   1	    C   
     201    13    1    12       12527.091525	497	   1	    C   
     102    3    1    3       10987.357752	404	   3	    B-   
     003    7    3    4       11814.439555	497	   3	    B-   
     102    6    1    5       11368.560996	471	   3	    B-   
     102    6    2    4       11426.587620	408	   3	    B-   
     102    2    0    2       10920.361224	344	   2	    B-   
     003    6    4    3       11708.247899	465	   2	    B-   
     003    7    1    6       11680.794877	464	   2	    B-   
     102    4    1    3       11115.786804	467	   2	    B-   
     003    8    1    8       11718.979922	361	   3	    B+   
     003    6    3    4       11619.097608	453	   4	    B-   
     003    5    4    1       11565.030362	461	   3	    B-   
     102    0    0    0       10853.505315	473	   1	    C   
     102    1    1    1       10887.376126	213	   3	    B+   
     003    5    3    2       11485.781345	456	   3	    B-   
     003    6    2    5       11534.454908	470	   2	    B-   
     003    7    0    7       11568.827622	419	   3	    B+   
     003    5    2    3       11438.048783	457	   3	    B-   
     003    4    4    1       11444.791044	464	   2	    B-   
     003    5    1    4       11393.691327	447	   4	    B-   
     003    6    1    6       11437.351769	976	   3	    B+   
     003    4    3    2       11360.261703	457	   3	    B-   
     003    7    7    0       12249.372653	478	   1	    C   
     003    5    0    5       11319.899114	464	   2	    B-   
     102    6    3    3       11476.982786	467	   2	    B-   
     003    4    2    3       11292.168079	453	   4	    B+   
     003    3    3    0       11265.641237	804	   3	    B+   
     003    7    6    1       12102.123178	1872	   2	    B-   
     003    3    2    1       11208.619256	1183	   4	    B-   
     003    4    1    4       11224.893441	1787	   2	    B-   
     003    6    6    1       11938.409239	2364	   1	    C   
     003    3    1    2       11177.671294	340	   5	    B+   
     102    3    3    1       11112.883994	2364	   1	    C   
     102    6    6    0       11800.738589	2364	   1	    C   
     003    3    0    3       11142.722317	859	   4	    B+   
     003    2    2    1       11132.164090	297	   3	    B+   
     003    7    5    2       11986.136441	1674	   2	    B-   
     003    6    5    2       11816.803623	1718	   2	    B-   
     003    2    1    2       11085.835754	1365	   3	    B-   
     003    1    1    0       11050.437795	422	   3	    B+   
     003    1    0    1       11034.927003	447	   3	    B+   
     102    5    3    3       11324.216162	1677	   2	    B-   
     102    6    5    1       11667.743908	2364	   1	    C   
     102    7    7    1       12129.334239	2364	   1	    C   
     003    7    4    3       11881.782733	2364	   1	    C   
     003    8    2    7       11846.078582	2364	   1	    C   
     102    8    3    5       11857.508982	2364	   1	    C   
     003    9    1    8       12035.095006	2364	   1	    C   
     003    7    2    5       11760.828013	239	   2	    B+   
     003    10    2    9       12237.885970	2364	   1	    C   
     003    11    1    10       12457.780355	2364	   1	    C   
     110    5    3    3        5745.429501	416	   3	    B+   
     040    4    2    2        6521.324179	473	   1	    C   
     040    6    0    6        6576.384756	459	   3	    B+   
     040    9    1    9        7048.860553	473	   1	    C   
     120    5    1    5        7088.107341	445	   3	    B+   
     120    10    0    10        7848.749588	373	   2	    B+   
     120    5    2    4        7200.884173	47	   2	    B+   
     120    6    4    2        7605.188593	553	   2	    B+   
     120    9    2    8        7857.359255	473	   1	    C   
     120    6    5    1        7778.804317	473	   1	    C   
     120    5    4    2        7460.167939	354	   2	    B+   
     120    8    1    7        7657.190587	393	   2	    B+   
     120    4    3    1        7198.708256	48	   5	    B+   
     120    5    5    1        7634.150139	473	   1	    C   
     200    10    1    9        8435.671093	63	   2	    B+   
     120    7    1    7        7339.507003	387	   2	    B+   
     120    6    1    5        7315.432095	367	   3	    B+   
     120    3    3    1        7101.900106	241	   4	    B+   
     021    11    2    9        8579.634922	492	   1	    C   
     021    9    3    6        8171.920847	474	   1	    C   
     120    2    2    0        6924.685626	47	   3	    B+   
     120    9    4    6        8184.370347	474	   1	    C   
     120    4    0    4        6983.794168	47	   3	    B+   
     021    10    4    7        8503.920126	477	   1	    C   
     120    1    1    1        6807.661788	48	   4	    B+   
     120    7    2    6        7490.808580	473	   1	    C   
     120    3    1    3        6909.482350	233	   5	    B+   
     021    9    5    4        8433.442454	474	   1	    C   
     120    6    2    4        7385.730725	354	   2	    B+   
     120    0    0    0        6764.725615	473	   1	    C   
     200    7    7    1        8513.136954	480	   1	    C   
     200    8    6    2        8537.771537	495	   1	    C   
     131    1    0    1       11816.053700	615	   1	    C   
     131    2    2    1       11962.502662	1537	   2	    B+   
     131    3    3    0       12151.956787	1229	   1	    C   
     131    4    1    4       12016.924354	475	   2	    B+   
     131    3    1    2       11975.043745	898	   1	    C   
     211    8    1    8       12834.250086	285	   3	    B+   
     131    4    4    1       12402.756470	898	   1	    C   
     211    7    1    6       12811.881503	209	   3	    B+   
     211    7    0    7       12686.658618	49	   3	    B+   
     211    6    3    4       12764.171612	388	   5	    B+   
     131    6    2    5       12372.014034	2317	   1	    C   
     131    6    4    3       12668.362282	378	   1	    C   
     131    4    3    2       12246.901087	851	   1	    C   
     211    5    2    3       12567.592012	153	   4	    B+   
     211    5    3    2       12630.590741	247	   6	    A+   
     211    6    1    6       12555.968310	48	   5	    B+   
     131    5    5    0       12711.069857	946	   1	    C   
     211    5    4    1       12733.895089	497	   4	    B+   
     310    5    1    5       12431.398306	3735	   1	    C   
     211    5    0    5       12441.425131	46	   5	    B+   
     211    4    3    2       12508.655348	131	   6	    A+   
     211    4    2    3       12424.547893	81	   7	    A+   
     211    4    1    4       12346.512027	37	   6	    A+   
     211    3    2    1       12340.986216	61	   7	    A+   
     211    3    1    2       12301.357561	50	   5	    B+   
     211    3    3    0       12415.486880	48	   3	    B+   
     310    3    1    3       12257.688993	476	   2	    B+   
     211    3    0    3       12263.676491	37	   5	    B+   
     211    2    2    1       12266.284483	95	   5	    B+   
     211    2    1    2       12209.353216	48	   5	    B+   
     211    7    7    0       13463.096153	1656	   1	    C   
     211    1    1    0       12174.881377	96	   4	    B+   
     310    1    1    1       12158.971492	413	   4	    B+   
     211    6    4    3       12874.514785	1323	   2	    B-   
     211    6    5    2       13009.979289	946	   1	    C   
     211    7    6    1       13339.973317	851	   1	    C   
     211    4    4    1       12616.385070	95	   1	    C   
     211    5    5    0       12868.937757	95	   1	    C   
     211    6    6    1       13174.368139	473	   1	    C   
     211    1    0    1       12155.598400	95	   1	    C   
     211    5    1    4       12517.886124	47	   4	    B+   
     310    3    2    2       12324.842146	2127	   1	    C   
     310    5    2    4       12526.371687	317	   2	    B+   
     211    9    0    9       12999.130853	95	   1	    C   
     211    10    1    10       13181.576118	473	   1	    C   
     310    7    2    6       12805.931512	365	   2	    B+   
     211    11    0    11       13380.819238	287	   1	    C   
     211    12    1    12       13596.941238	1517	   1	    C   
     211    8    2    7       12981.258222	793	   2	    B+   
     112    4    0    4       12600.422552	694	   3	    B+   
     211    9    1    8       13166.392063	440	   2	    B+   
     211    7    2    5       12891.472089	184	   2	    B+   
     211    10    2    9       13368.739270	1607	   1	    C   
     211    7    5    2       13174.832589	1607	   1	    C   
     211    7    3    4       12952.612788	408	   2	    B+   
     112    3    1    3       12524.793002	1621	   2	    B-   
     112    9    3    7       13293.192938	3073	   1	    C   
     310    7    3    5       12916.312793	2506	   1	    C   
     112    3    2    2       12590.909603	485	   4	    B+   
     310    4    4    0       12609.098987	2837	   1	    C   
     211    9    3    6       13376.277296	464	   2	    B+   
     211    9    4    5       13456.560879	1891	   1	    C   
     310    5    5    1       12860.913370	473	   1	    C   
     013    5    1    4       12929.915887	298	   4	    B+   
     112    4    2    2       12697.784932	520	   1	    C   
     013    4    1    4       12755.679183	260	   4	    B+   
     013    3    1    2       12710.876620	467	   2	    B+   
     013    3    0    3       12672.900681	538	   4	    B+   
     112    3    3    1       12671.057438	1251	   2	    B-   
     112    5    3    3       12881.887584	1076	   2	    B+   
     013    2    1    2       12617.203609	654	   3	    B+   
     112    6    0    6       12811.328479	473	   1	    C   
     013    5    5    0       13250.329757	473	   1	    C   
     013    3    3    0       12814.975037	1200	   2	    B+   
     013    2    2    1       12670.693681	474	   2	    B+   
     013    3    2    1       12747.307309	376	   3	    B+   
     013    1    1    0       12582.324979	471	   3	    B+   
     013    1    0    1       12564.352200	473	   1	    C   
     013    5    0    5       12851.198227	369	   2	    B+   
     221    6    1    6       14055.334704	654	   2	    B-   
     221    5    1    4       14024.047611	666	   2	    B-   
     221    5    0    5       13940.633106	851	   1	    C   
     221    4    1    4       13847.029909	431	   2	    B-   
     301    10    1    10       14846.196706	913	   2	    B-   
     221    3    1    2       13804.398282	1368	   2	    B-   
     221    4    3    2       14034.092180	740	   3	    B-   
     221    3    2    1       13851.888314	921	   2	    B-   
     221    3    0    3       13762.754927	993	   1	    C   
     301    7    3    4       14595.286643	706	   2	    B-   
     301    9    0    9       14665.833529	238	   2	    B-   
     301    8    2    7       14632.243625	799	   2	    B-   
     221    3    3    0       13940.695581	505	   2	    B-   
     301    7    2    5       14541.460079	513	   2	    B-   
     221    2    1    2       13710.877975	642	   2	    B-   
     221    2    2    1       13777.387374	48	   2	    B-   
     301    6    4    3       14502.056989	883	   3	    B-   
     221    1    1    0       13676.844094	335	   2	    B-   
     221    1    0    1       13654.263290	935	   2	    B-   
     301    8    1    8       14502.430642	328	   3	    B-   
     301    7    1    6       14467.582672	530	   3	    B-   
     301    6    3    4       14408.237034	195	   2	    B-   
     400    6    1    5       14315.652982	2033	   1	    C   
     301    5    4    1       14363.814137	516	   2	    B-   
     301    7    0    7       14356.005881	238	   2	    B-   
     301    6    2    5       14322.916593	147	   2	    B-   
     221    6    6    1       14656.619839	473	   1	    C   
     301    5    3    2       14278.202947	478	   2	    B-   
     301    5    2    3       14227.452628	164	   4	    B-   
     301    4    4    1       14248.242119	189	   2	    B-   
     301    6    1    6       14227.042577	181	   2	    B-   
     400    5    2    4       14193.821153	1844	   1	    C   
     400    4    1    3       14066.940184	3156	   2	    B-   
     221    5    3    2       14155.080006	378	   1	    C   
     301    4    3    2       14157.787107	453	   3	    B-   
     221    5    4    1       14276.237108	2364	   1	    C   
     301    4    2    3       14087.331735	95	   4	    B-   
     221    4    4    1       14158.731670	142	   1	    C   
     301    3    3    0       14066.397671	325	   2	    B-   
     301    6    6    1       14723.600739	378	   1	    C   
     400    4    0    4       14016.286479	2080	   1	    C   
     301    3    2    1       14005.792198	84	   3	    B-   
     301    4    1    4       14020.016031	136	   3	    B-   
     301    3    1    2       13973.564252	160	   3	    B-   
     301    5    0    5       14114.346428	94	   2	    B-   
     301    3    0    3       13939.162034	47	   3	    B-   
     400    3    1    3       13941.463852	404	   3	    B-   
     400    3    2    2       13997.190136	727	   2	    B-   
     301    2    2    1       13932.284271	51	   2	    B-   
     400    2    0    2       13875.376202	1560	   1	    C   
     301    2    1    2       13884.749882	56	   3	    B-   
     301    5    5    0       14483.454857	2978	   1	    C   
     221    6    2    5       14176.123534	1607	   1	    C   
     221    5    2    3       14079.061597	331	   1	    C   
     301    1    0    1       13834.486640	51	   2	    B-   
     301    1    1    0       13850.333815	47	   1	    C   
     221    8    3    6       14632.476280	473	   1	    C   
     221    6    5    2       14565.427257	1513	   1	    C   
     400    6    0    6       14225.023879	709	   1	    C   
     301    5    1    4       14184.381932	1135	   1	    C   
     400    7    2    6       14463.705153	615	   1	    C   
     301    8    3    6       14742.544780	1371	   1	    C   
     301    9    1    8       14813.186706	567	   1	    C   
     301    10    2    9       15011.590570	473	   1	    C   
     400    7    3    5       14563.620393	473	   1	    C   
     103    5    1    4       14670.890610	527	   2	    B-   
     103    3    2    1       14489.798307	535	   2	    B-   
     103    4    1    4       14505.952424	143	   2	    B-   
     103    3    0    3       14424.451727	615	   1	    C   
     103    2    2    1       14414.460226	390	   2	    B-   
     202    2    1    1       14291.742451	3640	   1	    C   
     103    2    1    2       14368.859852	622	   3	    B-   
     103    1    1    0       14334.160237	505	   2	    B-   
     103    1    0    1       14318.873100	993	   1	    C   
     103    3    1    2       14459.020546	142	   1	    C   
     103    4    2    3       14572.542094	567	   1	    C   
     103    5    0    5       14599.214327	520	   1	    C   
     103    6    1    6       14712.053379	473	   1	    C   
     103    5    2    3       14714.974397	473	   1	    C   
     202    6    3    3       14820.106834	473	   1	    C   
     103    7    2    5       15031.172693	473	   1	    C   
     003    5    5    0       11669.658157	236	   1	    C   
     121    6    5    2       11278.727089	236	   1	    C   
     201    5    5    0       11274.541057	236	   1	    C   
     111    7    1    6        9482.151850	332	   5	    B+   
     111    7    0    7        9356.508723	629	   3	    B+   
     111    6    3    4        9436.272926	244	   8	    A+   
     111    6    4    3        9549.790655	314	   6	    A+   
     111    6    2    5        9335.247587	299	   5	    B+   
     111    5    2    3        9234.218745	266	   7	    A+   
     111    6    1    6        9223.471671	255	   5	    B+   
     111    5    0    5        9106.393742	309	   3	    B+   
     031    5    4    1        9107.262790	360	   3	    B+   
     111    4    3    2        9176.921190	238	   8	    A+   
     111    4    4    1        9288.033230	334	   3	    B+   
     111    4    1    4        9010.198897	252	   6	    A+   
     111    3    1    2        8965.050963	383	   6	    A+   
     111    3    2    1        9004.994186	277	   7	    A+   
     111    3    3    0        9082.432344	297	   5	    B+   
     111    3    0    3        8925.286434	261	   5	    B+   
     111    2    2    1        8929.387979	253	   5	    B+   
     111    2    1    2        8870.515540	263	   6	    A+   
     111    1    0    1        8815.754092	269	   4	    B+   
     111    4    2    3        9090.083622	292	   4	    B+   
     111    5    3    2        9299.822783	335	   3	    B+   
     111    1    1    0        8835.454463	297	   3	    B+   
     111    5    4    1        9407.072714	379	   6	    A+   
     111    5    1    4        9185.910483	387	   5	    B+   
     210    3    2    2        8957.015204	340	   3	    B+   
     111    8    1    8        9507.565977	375	   3	    B+   
     111    10    1    10        9860.942635	464	   2	    B+   
     111    8    2    7        9657.826840	454	   3	    B+   
     111    9    1    8        9844.903166	457	   2	    B+   
     111    8    3    6        9783.595094	464	   2	    B+   
     011    4    1    4        5541.931358	224	   6	    A+   
     110    3    2    2        5440.822437	271	   4	    B+   
     011    5    1    4        5720.299371	180	   9	    A+   
     011    9    2    7        6524.090993	267	   5	    B+   
     011    9    0    9        6220.994604	253	   4	    B+   
     011    8    3    6        6331.343992	237	   7	    A+   
     110    2    1    1        5324.504583	277	   3	    B+   
     011    7    3    4        6167.985710	211	   7	    A+   
     011    8    2    7        6202.269630	227	   7	    A+   
     011    7    2    5        6106.499722	201	   6	    A+   
     011    8    1    8        6049.453543	238	   4	    B+   
     011    7    4    3        6267.315753	183	   8	    A+   
     011    7    1    6        6022.660776	211	   6	    A+   
     110    5    2    4        5647.341409	334	   2	    B+   
     011    6    3    4        5977.385455	206	   8	    A+   
     011    6    2    5        5873.582384	175	   9	    A+   
     011    5    2    3        5771.604175	200	   7	    A+   
     011    6    4    3        6094.313352	194	   8	    A+   
     110    4    0    4        5445.875587	502	   3	    B+   
     011    4    2    3        5622.623800	177	   8	    A+   
     110    4    3    1        5629.343363	178	   9	    A+   
     110    3    3    1        5529.972734	197	   7	    A+   
     110    2    2    0        5371.813523	348	   4	    B+   
     011    5    3    2        5838.694234	224	   6	    A+   
     110    6    0    6        5665.216193	499	   4	    B+   
     011    5    4    1        5949.232727	226	   6	    A+   
     011    4    4    1        5828.075003	363	   3	    B+   
     011    7    5    2        6405.984032	262	   6	    A+   
     011    6    5    2        6236.170167	232	   6	    A+   
     110    7    1    7        5801.380781	446	   2	    B+   
     110    4    4    0        5746.004332	1107	   2	    B+   
     110    8    0    8        5954.286734	413	   2	    B+   
     011    9    1    8        6392.786956	341	   2	    B+   
     011    12    1    12        6841.969638	1119	   2	    B+   
     011    8    4    5        6457.022804	293	   3	    B+   
     011    11    1    10        6831.538806	341	   2	    B+   
     110    4    1    3        5503.264236	365	   3	    B+   
     110    0    0    0        5227.705615	473	   1	    C   
     011    5    5    0        6090.839237	419	   3	    B+   
     110    4    2    2        5549.278594	281	   4	    B+   
     110    1    1    1        5266.652000	661	   2	    B+   
     011    10    1    10        6410.354021	314	   3	    B+   
     011    8    5    4        6599.640271	339	   2	    B+   
     011    9    3    6        6611.654990	318	   4	    B+   
     011    9    4    5        6692.481264	323	   4	    B+   
     011    9    5    4        6819.813859	291	   5	    B+   
     011    11    2    9        7008.968005	497	   3	    B+   
     031    5    5    0        9301.831739	519	   2	    B-   
     210    2    2    0        8890.110545	473	   1	    C   
     111    7    4    3        9719.924255	301	   3	    B-   
     111    7    5    2        9854.209191	493	   2	    B-   
     111    6    5    2        9687.517089	473	   1	    C   
     111    7    6    1       10016.210478	836	   2	    B-   
     111    5    5    0        9544.912657	473	   1	    C   
     111    6    6    1        9850.200039	473	   1	    C   
     111    7    3    4        9627.341656	373	   3	    B-   
     210    3    1    3        8888.424651	473	   1	    C   
     111    7    7    0       10208.461253	478	   1	    C   
     210    4    0    4        8964.204602	473	   1	    C   
     210    4    3    1        9139.939097	473	   1	    C   
     012    6    0    6        9414.361557	473	   1	    C   
     210    3    3    1        9044.082894	473	   1	    C   
     210    5    3    3        9257.279866	356	   2	    B-   
     012    5    2    4        9393.329225	410	   3	    B-   
     012    5    1    5        9299.114316	343	   2	    B-   
     210    6    0    6        9179.519979	473	   1	    C   
     210    7    1    7        9312.814406	473	   1	    C   
     012    2    1    1        9077.689420	400	   3	    B-   
     012    4    0    4        9198.465099	456	   3	    B-   
     012    3    1    3        9121.447221	300	   3	    B-   
     210    7    2    6        9444.613053	473	   1	    C   
     012    3    2    2        9187.937750	480	   3	    B-   
     111    9    0    9        9675.796353	473	   1	    C   
     210    6    6    0        9825.009789	473	   1	    C   
     031    6    5    2        9447.500506	473	   1	    C   
     012    0    0    0        8982.869215	473	   1	    C   
     130    7    5    3        9549.344493	473	   1	    C   
     111    11    0    11       10064.174638	475	   1	    C   
     012    2    0    2        9051.391730	391	   2	    B-   
     111    12    1    12       10283.744138	487	   1	    C   
     111    7    2    5        9569.255450	504	   2	    B-   
     111    10    2    9       10050.682970	473	   1	    C   
     111    8    4    5        9906.510520	1347	   2	    B-   
     111    11    1    10       10276.598456	473	   1	    C   
     111    8    5    4       10044.746493	473	   1	    C   
     111    9    2    7        9976.265938	473	   1	    C   
     111    10    3    8       10211.509149	473	   1	    C   
     111    9    5    4       10260.852379	473	   1	    C   
     111    9    4    5       10138.614579	473	   1	    C   
     111    9    3    6       10058.421769	473	   1	    C   
     111    10    4    7       10353.150717	473	   1	    C   
     012    1    1    1        9019.744700	473	   1	    C   
     012    4    2    2        9297.220032	473	   1	    C   
     012    2    2    0        9119.317480	355	   2	    B-   
     012    4    1    3        9255.572327	473	   1	    C   
     012    6    3    3        9640.523064	444	   2	    B-   
     012    4    3    1        9365.837296	334	   2	    B-   
     012    3    3    1        9268.435494	473	   1	    C   
     012    5    3    3        9483.748234	473	   1	    C   
     012    6    1    5        9517.160606	473	   1	    C   
     012    6    4    2        9737.472638	1902	   2	    B-   
     012    4    4    0        9471.101987	473	   1	    C   
     012    5    4    2        9591.537008	473	   1	    C   
     012    6    5    1        9869.673708	473	   1	    C   
     012    6    6    0       10024.600857	473	   1	    C   
     012    7    7    1       10370.671839	473	   1	    C   
     321    4    4    1       17273.063001	8363	   2	    B-   
     401    6    3    4       17482.344280	2192	   3	    B-   
     401    7    0    7       17412.671879	2710	   2	    B-   
     500    7    1    7       17413.061379	6251	   2	    B-   
     321    4    2    3       17089.543900	2279	   3	    B-   
     401    6    2    5       17385.936158	2957	   2	    B-   
     340    7    3    5       17421.564553	3782	   1	    C   
     420    5    3    3       17285.892645	2691	   2	    B-   
     241    6    4    3       17440.737920	7313	   2	    B-   
     401    5    2    3       17290.416486	2812	   3	    B-   
     420    4    3    1       17174.701282	5717	   2	    B-   
     043    5    1    4       17349.545311	2251	   4	    B-   
     321    3    1    2       16965.318039	3306	   2	    B-   
     401    5    3    2       17351.052708	2347	   3	    B-   
     241    4    4    1       17182.849770	3782	   1	    C   
     321    7    6    1       17908.535628	5264	   2	    B-   
     500    6    0    6       17285.106018	5410	   2	    B-   
     401    6    1    6       17285.765518	2934	   2	    B-   
     321    3    3    0       17083.856248	2676	   2	    B-   
     401    5    1    4       17245.123466	2711	   2	    B-   
     321    3    0    3       16924.975739	2860	   2	    B-   
     321    6    6    1       17750.873139	3782	   1	    C   
     420    3    2    2       16999.058066	3302	   2	    B-   
     500    7    2    6       17533.249166	6431	   2	    B-   
     420    4    2    2       17103.291220	2741	   2	    B-   
     321    6    2    5       17324.300439	3712	   2	    B-   
     500    5    1    5       17173.936016	4338	   2	    B-   
     401    4    3    2       17230.589695	2239	   4	    B-   
     401    5    0    5       17174.917821	2908	   3	    B-   
     420    3    1    3       16936.017723	6076	   2	    B-   
     500    5    3    3       17343.859853	6143	   2	    B-   
     321    5    5    0       17481.579132	2682	   2	    B-   
     321    1    1    0       16840.429330	3065	   2	    B-   
     321    1    0    1       16819.528651	3782	   1	    C   
     401    3    2    1       17070.088106	2180	   4	    B-   
     401    4    1    4       17081.533074	2823	   3	    B-   
     500    5    2    4       17259.530569	3554	   2	    B-   
     401    3    1    2       17035.921333	2310	   3	    B-   
     321    6    3    4       17421.752757	2299	   3	    B-   
     260    6    5    1       17520.637334	6130	   2	    B-   
     321    6    4    3       17523.657633	3782	   1	    C   
     500    6    2    4       17436.723669	3782	   1	    C   
     401    3    0    3       17001.073665	2788	   3	    B-   
     500    3    1    3       17005.395239	3318	   2	    B-   
     241    5    5    0       17523.875357	3782	   1	    C   
     321    3    2    1       17008.440811	2969	   2	    B-   
     401    2    2    1       16997.227242	2887	   3	    B-   
     321    4    3    2       17174.183793	3017	   3	    B-   
     340    5    4    2       17297.769290	2240	   3	    B-   
     340    4    4    0       17180.332908	3782	   1	    C   
     321    2    2    1       16934.743181	3782	   1	    C   
     401    2    1    2       16947.859259	3406	   2	    B-   
     420    5    2    4       17195.053720	4466	   2	    B-   
     401    1    1    0       16913.851331	3065	   2	    B-   
     420    7    3    5       17576.050633	3782	   1	    C   
     500    3    3    1       17137.428339	3254	   2	    B-   
     401    1    0    1       16897.698826	5639	   2	    B-   
     401    4    2    3       17151.330646	5340	   2	    B-   
     321    2    1    2       16873.744115	3782	   1	    C   
     500    2    0    2       16940.221546	3782	   1	    C   
     321    5    1    4       17179.875355	2692	   2	    B-   
     401    3    3    0       17138.966566	2866	   2	    B-   
     401    4    4    1       17345.023770	3782	   1	    C   
     241    4    3    2       17004.702402	3782	   1	    C   
     142    5    1    5       17087.879827	3782	   1	    C   
     420    6    2    4       17373.026606	3782	   1	    C   
     321    5    0    5       17098.881827	3782	   1	    C   
     321    6    5    2       17617.890982	3015	   2	    B-   
     321    7    0    7       17328.143206	3782	   1	    C   
     420    5    1    5       17105.902827	3782	   1	    C   
     500    6    3    3       17493.436208	3782	   1	    C   
     420    6    0    6       17215.015179	3782	   1	    C   
     321    10    1    10       17811.656418	3782	   1	    C   
     420    2    2    0       16933.302115	3782	   1	    C   
     420    7    1    7       17345.830206	3782	   1	    C   
     321    5    4    1       17386.501134	5456	   2	    B-   
     420    8    0    8       17489.375857	3782	   1	    C   
     321    8    2    7       17614.643282	3782	   1	    C   
     142    9    1    9       17649.025553	3782	   1	    C   
     321    5    3    2       17292.622908	3782	   1	    C   
     321    10    2    9       18002.266270	3782	   1	    C   
     321    7    1    6       17466.893753	3782	   1	    C   
     500    4    1    3       17130.378794	3782	   1	    C   
     321    7    4    3       17685.263713	4115	   2	    B-   
     043    3    0    3       17068.650181	3782	   1	    C   
     500    4    0    4       17079.164402	3782	   1	    C   
     340    7    4    4       17599.878669	3782	   1	    C   
     321    7    2    5       17544.033500	2681	   2	    B-   
     321    7    3    4       17607.012669	3782	   1	    C   
     420    3    3    1       17082.457181	3782	   1	    C   
     500    2    2    0       16998.550115	3782	   1	    C   
     500    6    1    5       17377.483034	3782	   1	    C   
     321    9    2    7       17944.381838	3782	   1	    C   
     500    8    0    8       17557.151857	3782	   1	    C   
     401    8    1    8       17557.769857	3782	   1	    C   
     401    9    0    9       17719.223553	3782	   1	    C   
     420    4    4    0       17272.501587	3782	   1	    C   
     420    5    5    1       17481.351770	3782	   1	    C   
     420    5    4    2       17385.658908	3782	   1	    C   
     401    7    3    4       17666.822711	5590	   2	    B-   
     420    6    6    0       17745.239357	3782	   1	    C   
     321    5    2    3       17229.597827	3782	   1	    C   
     401    7    2    5       17610.338793	3782	   1	    C   
     420    6    5    1       17617.775208	3782	   1	    C   
     420    9    4    6       18061.641869	3782	   1	    C   
     420    7    7    1       18054.558139	3782	   1	    C   
     420    6    4    2       17523.413606	3782	   1	    C   
     420    7    5    3       17776.715633	3782	   1	    C   
     420    8    7    1       18233.501117	3782	   1	    C   
     500    4    3    1       17230.650794	3782	   1	    C   
     420    8    6    2       18083.622893	3782	   1	    C   
     500    7    3    5       17638.869793	3782	   1	    C   
     340    6    5    1       17663.654208	3782	   1	    C   
     500    4    4    0       17343.786587	3782	   1	    C   
     340    7    5    3       17827.467633	3782	   1	    C   
     302    4    4    0       17862.094357	3782	   1	    C   
     120    6    3    3        7470.167308	763	   2	    B+   
     011    8    7    2        6955.617393	473	   1	    C   
     011    10    6    5        7225.949644	858	   2	    B-   
     011    9    6    3        6984.479119	470	   2	    B-   
     011    10    3    8        6767.411862	439	   3	    B-   
     011    8    6    3        6766.524449	477	   2	    B-   
     011    7    6    1        6572.641351	535	   3	    B-   
     011    6    6    1        6402.794962	522	   2	    B-   
     110    7    4    4        6181.761153	473	   1	    C   
     011    13    3    10        7736.010514	564	   2	    B+   
     011    11    6    5        7492.543435	616	   1	    C   
     011    11    5    6        7336.605054	474	   1	    C   
     011    12    4    9        7450.511408	388	   2	    B+   
     011    11    4    7        7223.862270	474	   1	    C   
     110    9    5    5        6737.383679	615	   1	    C   
     011    11    3    8        7138.609747	474	   1	    C   
     110    5    4    2        5866.531483	1069	   2	    B-   
     011    10    5    6        7059.030220	434	   2	    B-   
     011    12    3    10        7278.197186	355	   2	    B+   
     011    10    4    7        6911.579917	473	   1	    C   
     011    13    1    12        7340.011325	497	   1	    C   
     011    12    2    11        7077.154691	474	   1	    C   
     011    14    1    14        7341.595382	519	   1	    C   
     011    13    0    13        7084.204975	656	   2	    B-   
     011    10    2    9        6604.166281	778	   2	    B-   
     110    7    3    5        6053.802193	804	   1	    C   
     110    9    2    8        6300.394406	993	   1	    C   
     110    6    4    2        6011.917269	473	   1	    C   
     110    3    1    3        5369.112378	315	   3	    B-   
     110    2    0    2        5296.652915	1418	   1	    C   
     110    6    3    3        5901.047682	473	   1	    C   
     110    8    5    3        6520.860817	804	   1	    C   
     110    8    1    7        6104.974738	473	   1	    C   
     110    5    1    5        5548.649506	520	   1	    C   
     110    6    1    5        5768.616282	473	   1	    C   
     030    7    2    6        5423.682557	473	   1	    C   
     030    2    2    0        4845.314081	463	   2	    B-   
     030    3    2    2        4915.881702	1371	   1	    C   
     030    3    1    3        4810.575327	473	   1	    C   
     030    2    0    2        4727.450702	473	   1	    C   
     001    8    7    2        5274.610693	473	   1	    C   
     001    10    5    6        5422.681049	473	   1	    C   
     011    8    8    1        7163.015267	8021	   2	    B+   
     011    10    8    3        7625.147323	475	   1	    C   
     011    9    8    1        7382.393778	340	   2	    B+   
     011    9    7    2        7173.864951	413	   2	    B+   
     011    11    0    11        6617.342638	475	   1	    C   
     011    7    7    0        6761.123653	478	   1	    C   
     110    5    5    1        6014.180439	473	   1	    C   
     110    6    6    0        6332.769253	478	   1	    C   
     131    6    1    6       12228.239757	473	   1	    C   
     131    8    3    6       12858.621349	473	   1	    C   
     131    3    0    3       11926.625627	473	   1	    C   
     131    4    2    3       12124.205334	473	   1	    C   
     131    2    1    2       11878.683602	473	   1	    C   
     211    8    3    6       13106.042349	473	   1	    C   
     211    11    1    10       13587.304255	473	   1	    C   
     211    10    3    8       13526.294649	473	   1	    C   
     013    5    2    3       12978.349595	1640	   2	    B-   
     013    4    2    3       12831.403614	549	   2	    B-   
     112    4    4    0       12871.829008	473	   1	    C   
     112    5    2    4       12791.892532	473	   1	    C   
     013    4    4    1       13008.437070	473	   1	    C   
     310    4    3    1       12766.358294	473	   1	    C   
     310    5    4    2       12989.233708	473	   1	    C   
     013    8    1    8       13246.782757	473	   1	    C   
     013    6    3    4       13170.677506	473	   1	    C   
     013    7    2    5       13305.568293	473	   1	    C   
     021    6    5    2        7850.078893	47	   1	    C   
     120    3    2    2        6993.881692	47	   1	    C   
     120    6    0    6        7203.380185	47	   2	    B+   
     101    11    1    10        8704.925595	160	   1	    C   
     101    12    1    12        8738.805052	219	   1	    C   
     200    8    0    8        7907.995788	48	   1	    C   
     021    7    6    1        8212.349867	47	   1	    C   
     021    6    6    1        8042.036719	48	   1	    C   
     101    6    6    1        8213.699117	47	   1	    C   
     002    7    1    7        7994.801688	47	   1	    C   
     011    12    5    8        7610.428533	474	   1	    C   
     011    10    7    4        7415.678489	473	   1	    C   
     040    7    1    7        6721.106453	473	   1	    C   
     040    5    1    5        6465.418406	473	   1	    C   
     040    4    0    4        6347.690979	473	   1	    C   
     011    9    9    0        7605.966123	473	   1	    C   
     040    3    1    3        6284.400927	473	   1	    C   
     040    4    3    1        6686.060108	473	   1	    C   
     040    5    3    3        6806.935193	473	   1	    C   
     040    5    5    1        7275.585639	473	   1	    C   
     120    7    3    5        7625.872279	473	   1	    C   
     120    8    4    4        7970.554989	473	   1	    C   
     120    11    1    11        8054.666459	518	   1	    C   
     120    10    1    9        8065.163691	474	   1	    C   
     120    9    1    9        7661.675338	475	   1	    C   
     120    6    6    0        7980.735753	478	   1	    C   
     120    4    4    0        7339.868457	473	   1	    C   
