     000    1    0    1          23.773510	0	   119	    A+   
     000    9    1    8        1076.800819	2	   66	    A+   
     001    10    1    9        5016.942983	58	   4	    B+   
     001    11    1    11        5051.527817	220	   4	    B+   
     000    10    1    10        1112.041531	54	   52	    A+   
     001    8    2    6        4715.979731	20	   9	    A+   
     000    7    2    5         781.377307	2	   130	    A+   
     001    10    0    10        4842.726310	70	   4	    B+   
     000    9    0    9         918.101935	2	   80	    A+   
     001    8    1    7        4614.931526	22	   7	    A+   
     000    7    1    6         702.885808	2	   136	    A+   
     001    9    1    9        4651.848137	36	   5	    B+   
     000    8    1    8         742.490657	2	   103	    A+   
     001    7    3    5        4544.284475	20	   9	    A+   
     000    6    3    4         647.072053	2	   155	    A+   
     001    6    2    4        4342.276617	17	   9	    A+   
     000    5    2    3         445.793404	1	   190	    A+   
     001    8    0    8        4478.876871	21	   7	    A+   
     000    7    0    7         584.940852	2	   130	    A+   
     001    7    2    6        4443.342924	32	   8	    A+   
     000    6    2    5         551.609340	1	   171	    A+   
     001    7    1    7        4324.040086	24	   8	    A+   
     000    6    1    6         446.244901	1	   145	    A+   
     001    5    3    3        4235.642035	21	   7	    A+   
     000    4    3    2         380.805848	1	   169	    A+   
     001    4    2    2        4057.864291	19	   13	    A+   
     000    3    2    1         211.435768	1	   194	    A+   
     001    5    1    5        4068.628604	16	   9	    A+   
     000    4    1    4         224.304222	1	   193	    A+   
     001    4    3    1        4117.785577	15	   11	    A+   
     000    3    3    0         283.767738	1	   139	    A+   
     001    4    0    4        3966.594237	14	   10	    A+   
     000    3    0    3         136.537614	1	   189	    A+   
     001    3    2    2        3948.317695	15	   13	    A+   
     000    2    2    1         134.145275	1	   139	    A+   
     001    3    1    3        3887.625501	22	   11	    A+   
     000    2    1    2          79.227344	1	   165	    A+   
     001    2    1    1        3841.581562	19	   10	    A+   
     000    1    1    0          42.186949	0	   103	    A+   
     001    4    1    3        4019.822784	23	   9	    A+   
     001    2    0    2        3817.514068	17	   8	    A+   
     000    4    2    3         299.438905	1	   194	    A+   
     100    4    4    1        4127.721070	27	   9	    A+   
     001    1    1    1        3783.902395	22	   5	    B+   
     001    3    3    1        4020.951115	20	   7	    A+   
     001    4    4    0        4214.602092	23	   6	    A+   
     000    4    4    1         485.208941	1	   111	    A+   
     001    0    0    0        3748.318105	31	   3	    B+   
     001    7    4    4        4648.749717	20	   7	    A+   
     000    7    4    3         928.295785	2	   105	    A+   
     001    5    5    1        4457.021879	30	   3	    B+   
     000    5    5    0         737.623849	5	   72	    A+   
     000    3    1    2         173.110088	1	   184	    A+   
     100    3    0    3        3787.240995	35	   6	    A+   
     001    2    2    0        3878.838895	32	   5	    B+   
     000    5    0    5         324.660952	1	   175	    A+   
     100    1    0    1        3676.524006	21	   4	    B+   
     000    5    1    4         398.879317	1	   173	    A+   
     000    5    3    2         507.174288	1	   164	    A+   
     100    3    1    2        3823.238109	23	   4	    B+   
     001    5    2    4        4157.266719	33	   4	    B+   
     001    6    0    6        4186.922129	20	   8	    A+   
     100    1    1    0        3694.394970	30	   3	    B+   
     001    6    3    3        4399.265147	22	   6	    A+   
     000    7    3    4         840.864727	2	   126	    A+   
     001    6    4    2        4481.212516	16	   7	    A+   
     100    4    1    4        3873.134620	25	   5	    B+   
     000    8    3    6        1003.781120	2	   90	    A+   
     100    5    0    5        3971.714327	21	   6	    A+   
     000    9    2    7        1199.962906	2	   64	    A+   
     100    3    3    0        3929.748173	24	   4	    B+   
     010    5    3    2        2125.178834	15	   18	    A+   
     000    6    4    3         753.704931	2	   119	    A+   
     010    4    1    4        1817.626441	21	   26	    A+   
     010    7    2    5        2388.072585	13	   20	    A+   
     010    4    4    1        2122.932293	16	   17	    A+   
     010    4    3    2        1999.463260	12	   23	    A+   
     000    5    4    1         607.397310	2	   131	    A+   
     010    4    2    3        1903.569065	12	   23	    A+   
     010    5    2    3        2049.712077	11	   22	    A+   
     010    3    3    0        1902.328958	12	   15	    A+   
     010    7    1    6        2304.999261	54	   20	    A+   
     000    8    2    7         883.651887	2	   101	    A+   
     010    7    0    7        2175.937287	12	   15	    A+   
     010    2    2    1        1738.027566	17	   12	    A+   
     010    2    1    2        1673.347381	12	   19	    A+   
     010    3    1    2        1768.704207	11	   21	    A+   
     010    5    0    5        1916.673547	13	   16	    A+   
     010    9    1    8        2682.375296	16	   10	    A+   
     010    6    1    6        2038.325063	12	   18	    A+   
     010    1    1    0        1636.872991	41	   12	    A+   
     010    3    0    3        1728.260272	12	   15	    A+   
     010    7    3    4        2457.676064	13	   14	    A+   
     010    3    2    1        1815.079060	12	   21	    A+   
     010    1    0    1        1615.115133	14	   12	    A+   
     010    5    1    4        1996.853742	11	   21	    A+   
     010    6    2    5        2156.471303	12	   19	    A+   
     010    9    0    9        2506.825756	31	   12	    A+   
     010    10    1    10        2699.247431	33	   9	    A+   
     010    8    2    7        2489.726176	13	   14	    A+   
     010    6    3    4        2266.157849	12	   21	    A+   
     010    8    3    6        2624.229213	30	   15	    A+   
     010    5    4    1        2245.134402	13	   15	    A+   
     010    6    4    3        2391.567261	14	   17	    A+   
     010    5    5    0        2397.781032	17	   9	    A+   
     001    5    4    2        4335.036204	35	   7	    A+   
     001    6    1    5        4282.222271	17	   6	    A+   
     011    6    0    6        5759.135112	193	   9	    A+   
     011    5    2    4        5737.994401	166	   10	    A+   
     011    5    3    3        5833.787250	181	   9	    A+   
     011    4    2    2        5641.292366	152	   14	    A+   
     011    5    1    5        5641.862190	177	   10	    A+   
     011    4    3    1        5714.912678	156	   13	    A+   
     011    4    0    4        5539.242608	152	   11	    A+   
     110    3    3    0        5528.929534	165	   11	    A+   
     011    3    2    2        5533.090039	176	   10	    A+   
     011    3    3    1        5617.253450	200	   9	    A+   
     011    3    1    3        5461.774620	170	   11	    A+   
     011    2    2    0        5461.893556	193	   8	    A+   
     011    2    0    2        5389.634390	169	   10	    A+   
     011    1    1    1        5358.539553	231	   6	    A+   
     011    0    0    0        5320.251393	527	   3	    B+   
     011    5    4    2        5949.002447	181	   10	    A+   
     011    4    4    0        5828.101951	227	   5	    B+   
     011    4    1    3        5596.875294	191	   11	    A+   
     011    2    1    1        5416.936750	197	   7	    A+   
     011    7    1    7        5895.660442	320	   6	    A+   
     011    8    0    8        6049.338268	219	   6	    A+   
     011    7    2    6        6028.553305	175	   10	    A+   
     011    9    1    9        6221.047998	229	   7	    A+   
     011    6    2    4        5927.421126	169	   10	    A+   
     011    6    3    3        5989.914071	218	   7	    A+   
     011    8    1    7        6199.269270	249	   5	    B+   
     011    7    3    5        6143.559987	210	   8	    A+   
     011    6    5    1        6236.205589	274	   8	    A+   
     011    8    2    6        6306.221654	211	   9	    A+   
     101    4    3    1        7600.860550	46	   8	    A+   
     101    4    2    2        7540.883301	29	   9	    A+   
     101    5    1    5        7552.879113	112	   7	    A+   
     101    4    0    4        7452.907173	41	   7	    A+   
     101    3    2    2        7433.780305	30	   8	    A+   
     101    2    2    0        7366.201601	86	   5	    B+   
     101    2    1    1        7330.545599	31	   6	    A+   
     101    0    0    0        7238.714012	51	   2	    B+   
     101    3    1    3        7374.859768	118	   7	    A+   
     000    11    0    11        1324.121797	52	   32	    A+   
     000    10    3    8        1443.040927	13	   40	    A+   
     000    6    5    2         884.077444	2	   82	    A+   
     000    6    6    1        1038.764733	2	   46	    A+   
     000    8    5    4        1250.498526	15	   59	    A+   
     000    7    6    1        1209.818229	16	   54	    A+   
     000    7    7    0        1386.418655	16	   26	    A+   
     000    8    7    2        1582.196238	15	   17	    A+   
     000    8    8    1        1778.306649	57	   11	    A+   
     000    9    4    5        1357.555579	2	   51	    A+   
     000    9    3    6        1281.268320	2	   57	    A+   
     000    9    5    4        1472.684691	13	   37	    A+   
     000    8    4    5        1119.487899	2	   77	    A+   
     000    11    3    8        1810.667131	62	   16	    A+   
     000    11    2    9        1687.382883	27	   24	    A+   
     000    10    4    7        1577.688242	13	   32	    A+   
     000    10    5    6        1713.849356	13	   27	    A+   
     000    9    6    3        1624.841996	13	   25	    A+   
     000    10    2    9        1290.798613	13	   44	    A+   
     000    10    6    5        1868.330648	27	   16	    A+   
     000    7    5    2        1055.255047	15	   70	    A+   
     000    8    6    3        1405.147860	15	   37	    A+   
     000    11    1    10        1521.517418	27	   30	    A+   
     000    9    7    2        1801.989913	14	   13	    A+   
     000    10    7    4        2045.638263	142	   7	    A+   
     000    12    2    11        1770.834741	112	   15	    A+   
     000    12    1    12        1554.336074	180	   21	    A+   
     000    13    1    12        2037.796477	156	   12	    A+   
     000    13    0    13        1802.598104	174	   16	    A+   
     000    14    1    14        2068.841941	192	   9	    A+   
     000    12    3    10        1958.358434	161	   13	    A+   
     000    13    2    11        2242.211737	293	   7	    A+   
     000    15    0    15        2352.987365	185	   5	    B+   
     000    14    2    13        2322.749184	364	   5	    B+   
     000    13    3    10        2410.538636	119	   4	    B+   
     000    12    4    9        2120.516348	49	   12	    A+   
     000    16    1    16        2654.950365	192	   2	    B+   
     000    14    3    12        2546.036523	2740	   3	    B+   
     000    12    5    8        2270.107167	62	   6	    A+   
     000    11    4    7        1896.455512	62	   16	    A+   
     000    9    8    1        1998.956185	31	   8	    A+   
     000    11    5    6        1994.663458	34	   11	    A+   
     000    11    6    5        2137.419713	69	   8	    A+   
     000    12    6    7        2426.947484	84	   4	    B+   
     000    9    9    0        2212.176149	195	   3	    B+   
     000    10    8    3        2243.314325	286	   6	    A+   
     000    11    7    4        2313.097756	84	   5	    B+   
     000    10    9    2        2457.836402	58	   3	    B+   
     000    11    8    3        2511.165008	41	   4	    B+   
     000    12    7    6        2603.861813	1517	   3	    B-   
     000    10    10    1        2685.842449	222	   3	    B+   
     000    13    6    7        2749.992467	79	   1	    C   
     000    11    9    2        2726.866225	290	   2	    B-   
     000    12    8    5        2802.280056	98	   1	    C   
     000    13    7    6        2919.014384	97	   1	    C   
     000    11    10    1        2956.641602	76	   1	    C   
     000    13    5    8        2625.439048	69	   1	    C   
     000    12    9    4        3018.982308	64	   1	    C   
     000    11    11    0        3197.183549	228	   1	    C   
     000    13    8    5        3116.495713	1518	   1	    C   
     000    12    10    3        3250.429825	295	   1	    C   
     000    13    4    9        2530.579741	168	   2	    B+   
     000    14    4    11        2740.421377	164	   1	    C   
     010    6    5    2        2544.409879	19	   11	    A+   
     010    8    1    8        2332.591501	14	   14	    A+   
     010    7    5    2        2715.635867	89	   11	    A+   
     010    7    4    3        2565.345218	15	   15	    A+   
     010    11    0    11        2909.514822	45	   5	    B+   
     010    10    2    9        2898.118905	49	   7	    A+   
     010    8    4    5        2757.665777	18	   9	    A+   
     010    6    6    1        2723.621995	26	   7	    A+   
     010    9    2    7        2813.056424	17	   7	    A-   
     010    10    3    8        3066.051633	26	   7	    A-   
     010    10    4    7        3217.110814	26	   6	    A-   
     010    10    5    6        3374.393284	31	   6	    A-   
     010    10    6    5        3553.910438	55	   4	    B-   
     010    10    7    4        3757.745890	44	   4	    B-   
     010    11    4    7        3529.443247	33	   4	    B-   
     010    9    5    4        3132.392537	22	   5	    B-   
     010    9    6    3        3310.346731	40	   6	    A-   
     010    9    7    2        3513.802875	36	   3	    B-   
     010    9    4    5        2992.136102	20	   7	    A-   
     010    9    8    1        3737.254018	68	   3	    B-   
     010    8    5    4        2910.996208	18	   7	    A-   
     010    8    6    3        3090.567898	23	   6	    A-   
     010    9    9    0        3976.585949	195	   2	    B-   
     010    14    1    14        3647.479981	176	   2	    B-   
     010    8    7    2        3293.602662	45	   4	    B-   
     010    7    6    1        2894.989341	26	   4	    B-   
     010    11    3    8        3435.066572	46	   5	    B-   
     010    13    0    13        3383.708451	254	   3	    B-   
     010    7    7    0        3097.341091	37	   3	    B-   
     010    9    3    6        2899.398414	21	   6	    A-   
     010    12    1    12        3137.709134	142	   3	    B-   
     010    12    2    11        3378.999720	157	   4	    B-   
     010    12    3    10        3584.725878	116	   4	    B-   
     010    11    2    9        3308.190429	62	   5	    B-   
     010    11    1    10        3128.987932	29	   4	    B-   
     010    13    1    12        3646.081830	206	   4	    B-   
     010    12    4    9        3762.721744	120	   3	    B-   
     010    11    5    6        3651.360113	38	   3	    B-   
     010    12    5    8        3931.265980	76	   2	    B-   
     010    13    2    11        3868.969860	1468	   3	    B-   
     010    15    0    15        3928.942091	195	   1	    C   
     010    16    1    16        4228.027565	192	   1	    C   
     010    17    0    17        4544.655565	198	   1	    C   
     010    14    2    13        3931.211177	164	   1	    C   
     010    15    1    14        4233.812584	368	   1	    C   
     010    13    3    10        4045.346248	69	   1	    C   
     010    8    8    1        3515.934484	34	   2	    B-   
     010    11    6    5        3822.287156	51	   1	    C   
     010    12    6    7        4112.222858	60	   1	    C   
     010    11    7    4        4025.296248	56	   1	    C   
     010    10    8    3        3982.193713	51	   1	    C   
     010    10    9    2        4223.110485	58	   1	    C   
     020    5    4    1        3858.557075	36	   6	    A-   
     020    5    5    0        4038.299410	31	   5	    B-   
     020    5    3    2        3713.851277	14	   10	    A-   
     020    4    3    2        3588.983064	20	   8	    A-   
     020    4    2    3        3474.241950	21	   10	    A-   
     020    5    2    3        3619.275520	27	   7	    A-   
     020    3    3    0        3491.825970	31	   5	    B-   
     020    8    1    8        3886.959313	34	   5	    B-   
     020    7    1    6        3871.404329	34	   6	    A-   
     020    3    2    1        3385.105492	16	   9	    A-   
     020    7    0    7        3730.693905	57	   5	    B-   
     020    5    1    4        3558.197391	29	   6	    A-   
     020    2    2    1        3308.492392	22	   5	    B-   
     020    2    1    2        3230.937345	15	   6	    A-   
     020    6    1    6        3594.192738	22	   6	    A-   
     020    6    2    5        3727.994580	24	   8	    A-   
     020    5    0    5        3471.684075	24	   6	    A-   
     020    4    1    4        3374.478228	24	   5	    B-   
     020    6    3    4        3855.876708	44	   8	    A-   
     020    3    0    3        3282.387435	17	   6	    A-   
     020    7    3    4        4044.030870	23	   5	    B-   
     020    1    0    1        3168.769902	45	   4	    B-   
     020    3    1    2        3327.644692	17	   7	    A-   
     020    1    1    0        3195.010738	35	   3	    B-   
     020    9    0    9        4060.045165	77	   3	    B-   
     020    6    5    2        4185.034904	44	   3	    B-   
     020    7    4    3        4177.839230	49	   2	    B-   
     020    6    4    3        4004.989538	48	   4	    B-   
     020    7    2    5        3959.634583	35	   5	    B-   
     020    9    1    8        4254.225709	348	   3	    B-   
     020    8    2    7        4062.958530	60	   3	    B-   
     020    4    4    1        3736.407742	28	   3	    B-   
     020    8    4    5        4370.974823	470	   2	    B-   
     020    7    6    1        4563.777790	27	   4	    B-   
     020    9    2    7        4391.003569	354	   2	    B-   
     020    8    3    6        4215.110091	49	   3	    B-   
     020    10    1    10        4251.376235	49	   1	    C   
     020    11    0    11        4460.194031	73	   1	    C   
     020    12    1    12        4686.821797	49297	   1	    C   
     020    6    6    1        4392.819355	299	   3	    B-   
     020    7    5    2        4356.234931	4930	   1	    C   
     020    8    5    4        4551.569785	493	   1	    C   
     100    7    0    7        4226.978182	35	   3	    B-   
     100    7    1    6        4343.179696	23	   5	    B-   
     100    7    7    0        5007.494490	157	   3	    B-   
     100    9    5    4        5098.866397	93	   4	    B+   
     100    8    2    7        4520.127026	48	   4	    B-   
     100    7    6    1        4836.286972	32	   4	    B-   
     100    8    4    5        4749.240047	39	   4	    B-   
     100    8    3    6        4637.791496	35	   6	    A-   
     100    6    6    1        4667.511556	183	   3	    B-   
     100    7    5    2        4687.078005	43	   4	    B-   
     100    6    5    2        4518.079699	49	   6	    A-   
     100    7    4    3        4565.819124	21	   6	    A-   
     100    6    4    3        4387.171972	16	   6	    A-   
     100    9    3    6        4912.726232	35	   3	    B-   
     100    6    2    5        4194.195966	17	   5	    B-   
     100    6    3    4        4287.114178	20	   5	    B-   
     100    7    3    4        4479.529069	26	   6	    A-   
     100    5    4    1        4248.770804	17	   7	    A-   
     100    12    1    12        5177.054104	523	   1	    C   
     100    9    2    7        4831.845160	90	   3	    B-   
     100    5    3    2        4147.986646	18	   5	    B-   
     100    11    0    11        4952.016174	186	   1	    C   
     100    10    2    9        4919.623618	56	   1	    C   
     100    7    2    5        4421.157266	35	   5	    B-   
     100    4    3    2        4025.206766	30	   6	    A-   
     100    9    1    8        4709.791743	37	   3	    B-   
     100    10    1    10        4743.982166	84	   2	    B-   
     100    10    5    6        5326.233389	49	   3	    B-   
     100    4    2    3        3946.487664	30	   5	    B-   
     100    9    0    9        4553.742640	73	   2	    B-   
     100    5    2    3        4091.266587	18	   6	    A-   
     100    3    2    1        3860.135204	18	   4	    B-   
     100    10    3    8        5069.294242	493	   1	    C   
     100    5    1    4        4045.071740	24	   4	    B-   
     100    8    1    8        4381.490368	57	   2	    B-   
     100    2    2    1        3784.019159	28	   4	    B-   
     100    6    1    6        4090.892281	22	   2	    B-   
     100    2    1    2        3730.717065	21	   4	    B-   
     100    8    5    4        4880.439272	40	   4	    B-   
     100    9    4    5        4987.729324	32	   3	    B-   
     100    8    6    3        5029.007591	65	   3	    B-   
     100    5    5    0        4373.401644	32	   2	    B-   
     100    11    5    6        5612.897009	80	   2	    B-   
     100    9    6    3        5245.712924	51	   2	    B-   
     100    8    7    2        5200.602029	52	   1	    C   
     100    9    7    2        5417.372860	493	   1	    C   
     100    10    6    5        5486.078591	51	   1	    C   
     100    10    7    4        5657.655996	493	   1	    C   
     001    9    3    7        4939.070108	31	   5	    B-   
     001    8    4    4        4852.058122	18	   6	    A+   
     001    8    3    5        4783.250760	31	   6	    A-   
     001    12    4    8        5923.032127	477	   2	    B-   
     001    12    3    9        5819.202904	377	   3	    B+   
     001    11    5    7        5686.567324	59	   4	    B+   
     001    10    7    3        5733.234835	411	   2	    B-   
     001    13    2    12        5752.238145	122	   2	    B-   
     001    12    2    10        5671.829780	57	   2	    B-   
     001    10    6    4        5568.086287	75	   4	    B+   
     001    11    4    8        5552.330977	203	   3	    B+   
     001    14    0    14        5784.825602	181	   2	    B-   
     001    10    5    5        5430.726004	50	   3	    B-   
     001    9    7    3        5492.070622	40	   3	    B-   
     001    10    4    6        5345.289013	46	   4	    B-   
     001    12    1    11        5489.477448	150	   2	    B-   
     001    11    3    9        5410.276448	167	   5	    B+   
     001    10    3    7        5263.931725	42	   4	    B-   
     001    13    1    13        5522.582275	208	   2	    B-   
     001    9    6    4        5326.181485	50	   6	    A+   
     001    9    5    5        5181.713133	32	   4	    B-   
     001    8    7    1        5274.611225	210	   3	    B+   
     001    10    2    8        5160.826695	28	   5	    B+   
     001    12    0    12        5278.163801	201	   2	    B-   
     001    9    4    6        5056.670941	32	   4	    B-   
     001    8    6    2        5108.968881	63	   4	    B-   
     001    8    5    3        4965.388416	30	   5	    B+   
     001    7    6    2        4915.667026	72	   4	    B-   
     001    9    2    8        4807.870350	22	   4	    B-   
     001    7    5    3        4770.960191	29	   4	    B-   
     001    6    6    0        4746.491758	73	   3	    B-   
     001    6    5    1        4601.888152	28	   4	    B-   
     001    9    8    2        5676.535385	58	   1	    C   
     001    8    8    0        5458.297665	94	   2	    B-   
     001    7    7    1        5080.948815	34	   1	    C   
     001    11    2    10        5244.508751	35	   2	    B-   
     001    11    6    6        5832.121147	56	   2	    B+   
     001    14    1    13        6032.582777	164	   1	    C   
     001    13    3    11        5953.278434	4932	   1	    C   
     001    15    1    15        6064.384241	199	   1	    C   
     001    13    4    10        6126.809248	69	   1	    C   
     001    12    5    7        6002.730458	494	   1	    C   
     100    11    4    7        5517.965927	51	   1	    C   
     120    3    3    0        7101.970189	119	   6	    A+   
     120    6    1    6        7204.880888	202	   5	    B+   
     021    4    0    4        7077.278277	31	   9	    A+   
     021    4    1    3        7139.810702	74	   10	    A+   
     120    2    1    2        6848.664269	87	   7	    A+   
     120    5    0    5        7085.085611	43	   7	    A+   
     120    2    2    1        6923.601695	50	   7	    A+   
     120    3    1    2        6944.135997	121	   7	    A+   
     021    9    1    9        7758.027881	734	   6	    A+   
     021    9    2    8        7950.102074	50	   3	    B+   
     021    8    2    6        7863.509414	49	   2	    B-   
     120    4    1    4        6989.490819	61	   8	    A+   
     021    8    0    8        7586.399002	50	   6	    A+   
     021    8    1    7        7751.366017	74	   6	    A+   
     120    3    0    3        6899.673235	55	   6	    A+   
     120    1    1    0        6813.488219	35	   5	    B+   
     021    7    1    7        7433.741915	69	   7	    A+   
     021    6    2    4        7480.069418	141	   6	    A+   
     021    7    2    6        7582.506863	65	   4	    B+   
     021    6    1    5        7409.696350	37	   9	    A+   
     120    1    0    1        6788.130181	187	   4	    B+   
     021    7    3    5        7713.709732	217	   7	    A+   
     021    6    0    6        7297.351281	51	   10	    A+   
     021    2    0    2        6926.832090	31	   9	    A+   
     021    6    3    3        7557.724569	55	   6	    A+   
     120    5    1    4        7170.846392	51	   6	    A+   
     021    7    4    4        7854.088051	50	   4	    B+   
     021    5    1    5        7181.200600	30	   8	    A+   
     021    5    2    4        7291.154689	44	   10	    A+   
     021    4    2    2        7190.913213	27	   11	    A+   
     120    4    3    2        7198.465760	81	   8	    A+   
     021    5    3    3        7402.793373	55	   7	    A+   
     021    6    4    2        7685.137675	53	   7	    A+   
     021    4    3    1        7283.312084	36	   5	    B+   
     021    3    1    3        7002.363640	66	   6	    A+   
     021    3    2    2        7082.942145	39	   7	    A+   
     021    5    4    2        7538.833239	50	   7	    A+   
     021    2    1    1        6958.239416	30	   8	    A+   
     021    6    5    1        7850.181163	61	   6	    A+   
     021    2    2    0        7013.448282	25	   8	    A+   
     021    3    3    1        7185.658934	44	   3	    B+   
     021    4    4    0        7417.686816	51	   4	    B+   
     101    6    3    3        7872.220759	39	   8	    A+   
     021    1    1    1        6899.187266	39	   3	    B+   
     021    5    5    1        7704.505362	49	   3	    B+   
     200    6    5    2        8036.267999	54	   6	    A+   
     120    5    2    3        7230.329278	48	   5	    B+   
     101    5    3    3        7716.894153	33	   6	    A-   
     021    0    0    0        6857.272485	47	   3	    B+   
     200    7    4    3        8085.238036	46	   4	    B+   
     200    5    5    0        7894.041612	218	   5	    B+   
     200    6    4    3        7915.473551	116	   4	    B-   
     120    5    3    2        7321.037778	93	   6	    A+   
     200    6    2    5        7723.753249	78	   6	    A+   
     101    5    2    4        7636.770551	127	   7	    A+   
     200    6    3    4        7811.371126	50	   6	    A+   
     200    7    3    4        8004.848806	49	   5	    B+   
     200    5    4    1        7773.101763	35	   4	    B-   
     120    4    2    3        7086.579783	44	   9	    A+   
     200    4    4    1        7654.208206	46	   5	    B+   
     120    3    2    1        6998.576489	37	   6	    A+   
     101    10    3    7        8731.373266	219	   4	    B+   
     101    6    1    5        7762.962964	39	   7	    A+   
     200    5    3    2        7680.425707	45	   6	    A+   
     101    9    5    5        8642.683344	51	   4	    B+   
     101    11    2    10        8705.931181	121	   3	    B+   
     101    10    2    8        8625.336774	85	   4	    B+   
     200    9    1    8        8230.327500	40	   2	    B-   
     101    9    4    6        8521.707435	29	   3	    B-   
     200    7    2    5        7948.403398	64	   5	    B+   
     200    4    3    2        7557.922217	34	   7	    A+   
     101    8    5    3        8429.614957	46	   3	    B-   
     120    4    4    1        7339.852955	49	   2	    B+   
     101    10    1    9        8483.107079	226	   3	    B+   
     101    11    1    11        8516.646582	560	   3	    B+   
     200    4    1    4        7409.029637	49	   5	    B-   
     101    9    3    7        8406.281817	50	   3	    B-   
     101    8    4    4        8321.498200	49	   6	    A+   
     021    8    5    3        8214.500754	56	   3	    B+   
     200    9    0    9        8077.091320	78	   4	    B+   
     200    8    2    7        8043.931252	241	   6	    A+   
     101    8    3    5        8249.568419	76	   6	    A+   
     200    4    2    3        7480.147769	34	   5	    B-   
     101    7    6    2        8379.306223	255	   4	    B+   
     200    5    2    3        7623.681077	51	   6	    A+   
     200    3    3    0        7463.016598	27	   5	    B-   
     200    7    1    6        7870.890278	116	   4	    B-   
     101    9    2    8        8278.138578	47	   5	    B+   
     101    10    0    10        8311.754601	85	   3	    B+   
     101    7    5    3        8238.790485	137	   3	    B-   
     200    8    1    8        7908.040583	46	   7	    A+   
     101    8    2    6        8189.916277	42	   5	    B+   
     200    8    4    5        8271.525266	42	   5	    B+   
     101    4    1    3        7505.744568	35	   7	    A+   
     101    7    4    4        8121.413723	49	   5	    B+   
     021    7    6    2        8212.354971	51	   3	    B+   
     021    6    6    0        8042.036772	78	   4	    B+   
     101    6    6    0        8213.705419	197	   3	    B+   
     101    8    1    7        8088.929260	37	   6	    A+   
     101    9    1    9        8124.883787	476	   3	    B-   
     200    7    0    7        7756.407675	27	   4	    B+   
     200    3    2    1        7396.167283	49	   6	    A+   
     101    6    5    1        8072.780037	49	   4	    B+   
     101    7    3    5        8021.529689	36	   4	    B-   
     200    5    1    4        7578.541197	54	   4	    B-   
     021    10    0    10        7945.173435	49	   1	    C   
     101    6    4    2        7955.989095	44	   5	    B+   
     200    2    2    1        7320.314040	49	   3	    B-   
     101    7    2    6        7920.377867	49	   5	    B+   
     200    6    1    6        7622.815153	41	   3	    B-   
     021    11    1    11        8150.734179	612	   3	    B+   
     200    8    3    6        8158.699100	137	   3	    B-   
     101    6    2    4        7824.894669	33	   6	    A+   
     101    5    5    1        7930.746042	50	   2	    B-   
     021    12    0    12        8373.763997	72	   1	    C   
     200    2    1    2        7269.125669	86	   4	    B-   
     101    5    4    2        7812.049787	48	   5	    B+   
     200    5    0    5        7505.980610	120	   4	    B+   
     101    7    1    7        7803.307630	63	   3	    B-   
     200    3    1    2        7360.446418	120	   5	    B+   
     002    5    1    4        7818.826466	55	   5	    B-   
     101    8    0    8        7955.160320	334	   3	    B-   
     021    10    1    9        8159.525319	49	   1	    C   
     200    7    5    2        8202.846978	49	   2	    B-   
     101    6    0    6        7668.883307	36	   5	    B+   
     101    4    4    0        7693.943525	41	   2	    B-   
     101    2    0    2        7306.726327	47	   4	    B-   
     200    1    1    0        7233.515304	50	   2	    B-   
     200    3    0    3        7325.042988	43	   3	    B-   
     021    8    3    5        7942.636772	194	   5	    B+   
     021    9    3    7        8111.749120	493	   1	    C   
     101    3    3    1        7504.869249	35	   5	    B+   
     021    8    4    4        8054.458021	38	   4	    B+   
     200    1    0    1        7216.269847	61	   2	    B-   
     021    9    4    6        8264.177499	49	   1	    C   
     101    8    7    1        8729.552238	493	   1	    C   
     101    7    7    1        8540.779655	493	   1	    C   
     101    1    1    1        7273.448374	31	   2	    B-   
     002    3    3    0        7694.601973	49	   3	    B+   
     002    4    2    3        7717.524932	340	   3	    B-   
     002    5    2    3        7863.528988	120	   2	    B-   
     200    9    5    4        8608.680379	49	   1	    C   
     002    3    2    1        7632.508404	47	   4	    B+   
     002    6    2    5        7963.021105	49	   2	    B+   
     002    2    2    1        7555.870849	49	   3	    B-   
     200    7    6    1        8347.386447	52	   1	    C   
     002    2    1    2        7506.733221	49	   4	    B+   
     200    6    6    1        8180.878050	50	   2	    B-   
     002    5    0    5        7745.510074	88	   2	    B-   
     002    3    1    2        7599.208811	50	   2	    B-   
     002    4    1    4        7647.723133	46	   2	    B-   
     002    1    1    0        7470.818442	75	   2	    B-   
     002    3    0    3        7563.774155	617	   2	    B-   
     200    9    2    7        8351.514458	170	   2	    B+   
     200    11    0    11        8467.625531	496	   1	    C   
     101    8    6    2        8568.371587	52	   3	    B+   
     200    10    2    9        8436.496354	1553	   2	    B+   
     002    1    0    1        7454.355147	352	   2	    B-   
     101    9    6    4        8781.750354	52	   2	    B+   
     101    10    6    4        9018.986996	493	   1	    C   
     101    13    1    13        8978.483978	186	   2	    B+   
     101    11    3    9        8868.579326	51	   2	    B+   
     101    10    4    6        8794.713279	49	   1	    C   
     002    4    3    2        7789.900874	49	   2	    B-   
     002    4    4    1        7881.069935	49	   2	    B+   
     200    7    7    0        8513.143429	52	   1	    C   
     101    12    0    12        8738.804336	521	   2	    B+   
     041    4    0    4       10036.419883	386	   2	    B-   
     041    3    1    3        9969.694333	837	   2	    B-   
     041    2    0    2        9883.184762	465	   2	    B-   
     041    1    1    1        9868.302997	349	   2	    B-   
     041    2    2    0       10018.796421	634	   2	    B-   
     041    3    2    2       10088.963321	359	   2	    B-   
     041    5    1    5       10148.230122	493	   1	    C   
     041    6    0    6       10260.012952	493	   1	    C   
     041    4    1    3       10112.885888	493	   1	    C   
     041    3    3    1       10242.948638	493	   1	    C   
     041    4    2    2       10194.924168	493	   1	    C   
     121    6    2    4       10921.214320	484	   6	    A+   
     121    6    1    5       10853.881560	243	   6	    A+   
     121    10    0    10       11378.095566	1199	   2	    B-   
     121    3    1    3       10452.440916	180	   6	    A+   
     220    4    2    3       10582.485314	344	   3	    B-   
     121    4    0    4       10527.048438	226	   5	    B+   
     121    9    1    9       11194.055294	355	   2	    B-   
     220    4    3    2       10689.792081	407	   3	    B-   
     121    4    1    3       10589.860182	351	   6	    A+   
     121    8    3    5       11374.469460	431	   3	    B-   
     121    9    3    7       11539.851023	1552	   2	    B-   
     121    8    2    6       11303.855342	936	   5	    B+   
     121    8    0    8       11026.024828	297	   3	    B+   
     220    3    3    0       10595.349354	369	   2	    B-   
     121    8    1    7       11188.418778	295	   4	    B-   
     220    5    1    4       10668.503396	677	   2	    B-   
     220    3    2    1       10497.999267	359	   3	    B-   
     121    8    4    4       11482.249343	361	   3	    B-   
     121    2    1    1       10409.959579	171	   7	    A+   
     121    7    1    7       10876.040161	281	   4	    B+   
     121    7    2    6       11022.103138	396	   4	    B+   
     220    2    2    1       10423.270048	452	   3	    B-   
     121    7    3    5       11148.928046	464	   6	    A+   
     201    7    1    7       11152.955746	337	   5	    B+   
     121    6    3    3       10996.811441	268	   5	    B+   
     121    6    0    6       10742.572603	325	   4	    B+   
     300    7    5    2       11569.775273	1022	   2	    B-   
     201    6    3    3       11220.420717	222	   9	    A+   
     121    7    4    4       11285.821515	363	   2	    B-   
     220    3    0    3       10402.319077	381	   3	    B-   
     121    5    1    5       10628.535341	367	   5	    B+   
     121    5    2    4       10736.060852	798	   4	    B+   
     121    4    2    2       10638.818363	265	   6	    A+   
     121    7    5    3       11445.494736	396	   2	    B-   
     121    5    3    3       10844.082529	445	   4	    B+   
     300    7    4    3       11457.348577	301	   3	    B-   
     201    4    3    1       10952.731065	329	   7	    A+   
     121    4    3    1       10726.662610	305	   5	    B+   
     121    5    4    2       10975.450396	262	   6	    A+   
     300    5    5    0       11265.310187	435	   2	    B-   
     300    6    1    6       11008.010243	476	   4	    B+   
     121    3    2    2       10531.468409	109	   7	    A+   
     201    10    4    6       12129.006890	742	   3	    B-   
     201    5    2    4       10988.911857	183	   10	    A+   
     121    2    0    2       10379.599811	120	   4	    B+   
     201    10    3    7       12055.207425	832	   2	    B-   
     121    4    4    0       10856.490877	398	   2	    B+   
     121    3    3    1       10630.543501	375	   3	    B-   
     121    2    2    0       10463.142143	119	   5	    B+   
     121    5    5    1       11135.958275	2041	   3	    B+   
     121    6    6    0       11468.257881	413	   2	    B-   
     201    5    1    5       10906.684399	293	   3	    B-   
     220    5    3    2       10811.467122	310	   3	    B-   
     201    9    5    5       11975.498691	889	   2	    B-   
     300    7    3    4       11383.398699	343	   4	    B-   
     300    6    2    5       11105.623115	1287	   4	    B+   
     300    6    3    4       11195.597298	615	   7	    A+   
     201    12    0    12       12070.431200	514	   2	    B-   
     121    1    1    1       10351.945140	1029	   4	    B+   
     201    10    2    8       11961.958144	566	   2	    B-   
     201    9    4    6       11856.704275	376	   3	    B-   
     300    11    0    11       11838.411753	1204	   2	    B-   
     121    0    0    0       10311.201787	440	   2	    B+   
     201    4    2    2       10895.644091	254	   8	    A+   
     201    8    5    3       11766.561113	383	   3	    B-   
     201    11    1    11       11852.376774	525	   1	    C   
     201    9    3    7       11744.058074	402	   2	    B-   
     201    8    4    4       11661.540996	275	   7	    A+   
     300    5    3    2       11062.278486	350	   2	    B-   
     201    7    3    5       11364.556379	252	   6	    A-   
     201    7    6    2       11717.659096	430	   2	    B-   
     300    10    1    10       11637.791816	1093	   2	    B-   
     300    7    2    5       11329.110793	320	   3	    B-   
     201    9    2    8       11617.821286	269	   3	    B+   
     201    7    5    3       11578.153711	346	   3	    B-   
     201    8    2    6       11528.378446	353	   4	    B+   
     201    5    3    3       11066.892546	210	   9	    A+   
     300    4    3    2       10940.477425	437	   4	    B-   
     300    3    0    3       10715.766652	396	   3	    B-   
     201    7    4    4       11462.860006	305	   5	    B+   
     201    6    6    0       11553.777181	459	   2	    B-   
     300    8    2    7       11420.836882	475	   3	    B-   
     201    3    1    3       10732.043971	60	   6	    A+   
     201    4    1    3       10859.049816	133	   9	    A+   
     201    9    1    9       11467.664582	279	   3	    B+   
     201    8    1    7       11432.796176	361	   6	    A+   
     300    8    4    5       11639.645287	309	   3	    B-   
     201    6    5    1       11414.644721	801	   3	    B-   
     201    10    0    10       11651.480024	531	   2	    B-   
     300    5    2    3       11009.080452	322	   4	    B+   
     300    3    3    0       10847.470483	596	   5	    B+   
     201    4    0    4       10808.813562	213	   7	    A+   
     121    6    4    2       11119.248964	771	   3	    B+   
     300    7    1    6       11251.987495	393	   3	    B-   
     300    8    1    8       11287.446069	480	   3	    B-   
     201    6    4    2       11300.992462	664	   7	    A+   
     201    8    0    8       11300.236833	296	   3	    B-   
     220    6    2    5       10828.594909	1255	   2	    B-   
     201    7    2    6       11266.768217	221	   6	    A+   
     121    8    5    3       11636.062136	408	   2	    B-   
     201    5    5    1       11274.541009	685	   4	    B+   
     121    6    5    1       11278.689974	425	   3	    B+   
     300    7    0    7       11139.322957	493	   1	    C   
     300    8    5    4       11756.416779	514	   3	    B-   
     300    3    2    1       10784.168011	273	   7	    A+   
     201    5    4    2       11159.258759	257	   6	    A+   
     201    6    1    5       11114.040402	126	   6	    A+   
     300    5    1    4       10965.119944	643	   4	    B+   
     201    6    2    4       11169.840902	248	   7	    A+   
     300    8    3    6       11537.755166	358	   4	    B-   
     300    2    2    1       10709.771751	424	   4	    B+   
     300    5    0    5       10893.390334	491	   2	    B+   
     300    2    1    2       10659.957196	779	   5	    B+   
     300    3    1    2       10750.471442	282	   4	    B+   
     201    2    0    2       10665.597182	287	   5	    B+   
     201    6    0    6       11020.622186	492	   3	    B+   
     300    4    2    3       10868.424407	252	   7	    A+   
     300    4    1    4       10797.768764	349	   3	    B+   
     201    3    3    1       10858.082590	164	   6	    A+   
     102    5    5    0       11527.546109	478	   3	    B-   
     201    3    2    2       10789.409502	169	   6	    A+   
     300    1    1    0       10625.259405	1373	   3	    B+   
     201    8    6    2       11905.173560	493	   1	    C   
     003    6    4    2       11710.225863	475	   3	    B-   
     102    6    4    3       11555.662785	499	   2	    B-   
     201    7    7    1       11888.703755	493	   1	    C   
     201    2    2    0       10722.871562	373	   5	    B+   
     121    10    1    9       11588.753619	493	   1	    C   
     201    2    1    1       10688.033133	1171	   6	    A+   
     300    1    0    1       10608.761944	493	   1	    C   
     102    5    4    1       11414.388760	474	   3	    B-   
     102    7    3    4       11651.641353	1221	   2	    B-   
     102    6    3    4       11462.044494	491	   4	    B-   
     102    6    2    5       11374.866088	508	   3	    B-   
     201    1    1    1       10632.344025	703	   4	    B+   
     201    4    4    0       11042.706827	270	   2	    B+   
     102    4    4    1       11297.038047	1002	   4	    B+   
     201    0    0    0       10598.475620	492	   2	    B+   
     102    5    3    2       11328.920084	369	   4	    B-   
     102    10    1    10       11906.409172	486	   2	    B-   
     121    10    4    6       11945.720042	1296	   2	    B-   
     102    4    3    2       11206.181705	1267	   5	    B+   
     121    9    5    5       11850.875026	493	   1	    C   
     121    10    6    4       11964.156592	748	   2	    B-   
     102    8    2    7       11690.368107	483	   2	    B-   
     102    3    3    0       11113.155769	474	   3	    B-   
     102    7    1    6       11520.349578	481	   3	    B-   
     300    6    5    2       11405.602334	496	   2	    B+   
     102    7    0    7       11407.675832	1122	   2	    B-   
     102    3    2    1       11051.349378	285	   5	    B-   
     003    9    5    5       12392.744879	488	   2	    B-   
     102    5    1    4       11233.317283	440	   3	    B-   
     300    9    1    8       11604.831311	823	   2	    B-   
     102    6    1    6       11276.142093	484	   2	    B-   
     102    2    2    1       10976.418203	364	   3	    B-   
     102    5    0    5       11161.293708	1721	   4	    B+   
     003    8    4    4       12079.948867	503	   3	    B-   
     003    9    3    7       12165.809966	490	   2	    B-   
     300    10    2    9       11806.139819	493	   1	    C   
     003    8    3    5       12016.751533	487	   2	    B-   
     102    4    2    3       11134.574770	383	   5	    B+   
     102    4    1    4       11065.643605	349	   3	    B-   
     201    10    1    9       11819.139244	317	   2	    B+   
     003    9    2    8       12034.995959	496	   2	    B-   
     201    11    2    10       12038.034813	493	   1	    C   
     003    8    2    6       11950.411822	485	   3	    B+   
     201    12    1    11       12274.057518	494	   1	    C   
     201    8    3    5       11593.479078	484	   2	    B-   
     201    14    0    14       12557.685704	523	   1	    C   
     003    7    4    4       11875.316399	493	   1	    C   
     102    7    2    5       11598.661185	491	   3	    B-   
     102    1    1    0       10892.603491	299	   4	    B+   
     102    3    0    3       10983.416404	243	   4	    B+   
     003    6    5    1       11816.873115	486	   3	    B-   
     102    5    2    3       11277.404255	362	   4	    B-   
     003    9    1    9       11886.487967	486	   2	    B-   
     003    5    5    1       11669.654707	1213	   3	    B+   
     102    2    1    2       10927.713507	596	   3	    B+   
     003    6    3    3       11636.726922	467	   4	    B-   
     102    1    0    1       10876.285744	493	   1	    C   
     003    7    2    6       11684.300977	483	   2	    B-   
     003    8    0    8       11718.971663	343	   4	    B+   
     300    10    4    7       12083.390220	493	   1	    C   
     102    3    1    2       11018.328953	368	   3	    B-   
     003    5    4    2       11564.578538	483	   2	    B-   
     003    6    1    5       11528.915018	809	   6	    A+   
     003    7    1    7       11568.806985	588	   3	    B+   
     003    5    3    3       11478.471887	400	   7	    A+   
     003    4    4    0       11444.846730	483	   2	    B-   
     003    8    1    7       11849.450174	495	   2	    B-   
     003    6    0    6       11436.196874	481	   4	    B+   
     003    5    2    4       11403.536798	412	   5	    B+   
     003    4    3    1       11362.366540	407	   7	    A+   
     102    9    4    5       12138.956420	493	   1	    C   
     003    7    7    1       12249.372955	493	   1	    C   
     003    4    2    2       11310.462910	466	   4	    B-   
     003    2    0    2       11079.374343	1493	   5	    B+   
     003    5    1    5       11321.963280	205	   4	    B+   
     003    4    1    3       11275.853106	491	   6	    A+   
     102    7    4    3       11724.486690	1816	   2	    B-   
     003    3    3    1       11265.327200	167	   4	    B+   
     003    7    6    2       12102.125531	1748	   2	    B-   
     003    4    0    4       11223.537527	1143	   6	    A+   
     003    6    6    0       11938.408833	2465	   1	    C   
     003    3    2    2       11201.360383	406	   6	    A+   
     102    8    4    5       11908.922874	1784	   2	    B-   
     102    7    6    1       11963.241247	2465	   1	    C   
     102    6    5    2       11667.821631	2465	   1	    C   
     102    6    6    1       11800.765244	2465	   1	    C   
     102    8    3    6       11802.655078	1442	   3	    B-   
     003    3    1    3       11146.013242	142	   5	    B+   
     003    2    2    0       11133.783642	1217	   5	    B+   
     003    2    1    1       11101.874935	328	   5	    B+   
     003    7    3    5       11781.044175	1316	   4	    B-   
     003    1    1    1       11045.085641	250	   4	    B+   
     102    8    1    8       11557.309852	2465	   1	    C   
     003    0    0    0       11011.882910	2465	   1	    C   
     102    9    1    8       11874.044587	2465	   1	    C   
     003    6    2    4       11589.123052	244	   4	    B+   
     102    7    7    0       12129.333833	2465	   1	    C   
     003    7    5    3       11985.814444	2465	   1	    C   
     003    9    4    6       12276.595499	2465	   1	    C   
     003    10    1    9       12237.903719	2465	   1	    C   
     003    11    1    11       12273.684731	2465	   1	    C   
     003    11    2    10       12457.837013	2465	   1	    C   
     003    11    3    9       12615.883627	2465	   1	    C   
     003    10    2    8       12377.885506	2465	   1	    C   
     102    9    3    6       12076.500187	2465	   1	    C   
     110    5    5    0        6014.179896	444	   2	    B+   
     040    6    3    4        6952.164157	721	   4	    B+   
     040    3    1    2        6321.896274	458	   3	    B+   
     040    5    0    5        6453.456916	49	   4	    B+   
     040    6    1    6        6584.126727	469	   3	    B+   
     040    7    0    7        6716.208329	364	   2	    B+   
     040    4    2    3        6511.027757	374	   4	    B+   
     040    3    3    0        6588.618670	330	   4	    B+   
     040    8    1    8        6876.084002	449	   2	    B+   
     040    7    1    6        6882.134134	49	   2	    B+   
     040    2    2    1        6344.943218	392	   2	    B+   
     040    10    1    10        7239.375885	806	   2	    B+   
     040    4    4    1        6902.216288	493	   1	    C   
     040    4    3    2        6685.607868	493	   1	    C   
     120    8    4    5        7965.915491	413	   2	    B+   
     120    7    4    3        7775.077989	60	   4	    B+   
     120    10    1    10        7849.127597	360	   2	    B+   
     120    6    3    4        7459.637722	348	   4	    B+   
     021    13    1    13        8614.166191	439	   2	    B+   
     120    9    0    9        7661.329381	378	   2	    B+   
     120    6    4    3        7604.658739	50	   3	    B+   
     120    9    1    8        7852.873995	368	   3	    B+   
     120    8    1    8        7491.801853	49	   5	    B+   
     120    5    4    1        7460.277672	416	   3	    B+   
     120    6    6    1        7980.735755	357	   2	    B+   
     120    7    0    7        7338.002339	308	   5	    B+   
     040    7    4    3        7342.035126	383	   3	    B+   
     120    8    3    6        7814.182776	310	   3	    B+   
     031    7    3    5        9256.231513	494	   1	    C   
     120    6    2    5        7335.918036	285	   4	    B+   
     021    10    4    6        8531.953612	497	   1	    C   
     021    10    2    8        8324.679282	350	   2	    B+   
     040    9    4    5        7756.190131	496	   1	    C   
     031    4    0    4        8577.897947	493	   1	    C   
     200    8    8    1        8892.150649	530	   1	    C   
     200    10    5    6        8845.690414	498	   1	    C   
     021    9    5    5        8432.418328	53	   2	    B+   
     131    6    0    6       12226.135663	477	   3	    B+   
     131    6    1    5       12346.866114	457	   2	    B+   
     131    4    1    3       12076.789501	432	   4	    B+   
     131    4    0    4       12009.848905	732	   3	    B+   
     131    4    2    2       12138.651480	496	   2	    B+   
     131    3    1    3       11938.391531	432	   4	    B+   
     131    5    3    3       12365.539458	51	   3	    B+   
     131    2    1    1       11897.177409	1077	   3	    B+   
     131    2    0    2       11861.333541	393	   4	    B+   
     131    3    2    2       12032.233624	396	   5	    B+   
     131    2    2    0       11963.615842	606	   3	    B+   
     131    1    1    1       11838.442011	418	   4	    B+   
     131    0    0    0       11792.822200	490	   2	    B+   
     211    10    0    10       13181.621859	235	   3	    B+   
     131    3    3    1       12151.831316	560	   3	    B+   
     211    8    3    5       13152.866939	425	   3	    B+   
     211    9    2    8       13166.458587	469	   4	    B+   
     211    8    2    6       13083.843533	262	   4	    B+   
     211    9    1    9       12999.860693	98	   3	    B+   
     131    5    4    2       12521.622639	506	   4	    B+   
     211    8    0    8       12835.283053	49	   3	    B+   
     131    4    4    0       12402.733779	611	   3	    B+   
     211    7    3    5       12924.659774	97	   5	    B+   
     211    7    2    6       12813.566376	198	   5	    B+   
     211    6    2    4       12718.468588	191	   6	    A+   
     211    6    3    3       12778.040529	91	   7	    A+   
     211    7    1    7       12687.184327	78	   5	    B+   
     211    6    4    2       12875.736457	102	   6	    A+   
     310    6    2    5       12653.090103	349	   5	    B+   
     211    6    1    5       12658.939925	52	   7	    A+   
     310    6    1    6       12544.748552	2070	   1	    C   
     211    6    0    6       12555.522685	201	   4	    B+   
     310    2    2    1       12256.371307	448	   3	    B+   
     131    5    5    1       12711.073349	986	   1	    C   
     211    5    3    3       12625.178346	145	   3	    B+   
     211    5    4    2       12733.625662	95	   5	    B+   
     211    5    2    4       12535.360422	49	   6	    A+   
     310    5    0    5       12430.276201	246	   1	    C   
     211    5    5    1       12868.941207	101	   3	    B+   
     211    2    0    2       12200.767047	334	   10	    A+   
     211    4    2    2       12441.179833	45	   7	    A+   
     211    5    1    5       12442.422925	251	   6	    A+   
     211    4    1    3       12399.528765	64	   7	    A+   
     211    4    3    1       12510.149119	86	   7	    A+   
     211    4    4    0       12616.418330	51	   4	    B+   
     131    6    3    3       12516.281589	1676	   1	    C   
     310    4    1    4       12335.571332	318	   2	    B+   
     310    4    2    3       12415.042206	289	   4	    B+   
     211    4    0    4       12344.166854	312	   5	    B+   
     211    3    3    1       12415.261842	51	   5	    B+   
     211    3    2    2       12334.601125	50	   7	    A+   
     211    3    1    3       12268.626952	99	   4	    B+   
     211    2    2    0       12267.666371	51	   6	    A+   
     310    2    1    2       12198.041243	46	   4	    B+   
     211    7    7    1       13463.092363	490	   2	    B+   
     310    3    1    2       12290.724868	1331	   1	    C   
     211    1    1    1       12169.336585	288	   4	    B+   
     310    1    0    1       12144.982449	2810	   1	    C   
     211    0    0    0       12132.992610	493	   1	    C   
     211    7    4    4       13038.787499	339	   4	    B+   
     211    7    5    3       13174.669285	446	   3	    B+   
     211    6    5    1       13010.015189	257	   3	    B+   
     211    7    6    2       13339.978429	887	   1	    C   
     211    6    6    0       13174.367733	493	   1	    C   
     211    2    1    1       12225.926846	49	   4	    B+   
     112    7    0    7       12942.509657	1183	   1	    C   
     112    2    2    1       12522.385321	467	   4	    B+   
     112    5    0    5       12696.998071	423	   4	    B+   
     310    3    2    1       12330.880444	444	   1	    C   
     211    11    1    11       13380.835972	350	   2	    B+   
     310    3    3    0       12406.529275	592	   1	    C   
     211    12    0    12       13596.934597	1578	   1	    C   
     211    8    1    7       12979.838214	50	   2	    B+   
     112    4    1    4       12602.665445	299	   3	    B+   
     131    7    4    4       12833.069631	484	   2	    B+   
     310    4    3    2       12499.816499	1116	   3	    B+   
     211    10    1    9       13365.212819	493	   1	    C   
     112    3    0    3       12519.567043	381	   5	    B+   
     211    11    2    10       13586.325713	1331	   1	    C   
     112    1    1    0       12430.922072	412	   3	    B+   
     211    8    4    4       13236.129970	267	   2	    B+   
     211    8    5    3       13363.630647	887	   1	    C   
     310    6    3    4       12755.601079	544	   2	    B+   
     211    9    4    6       13435.896399	1085	   1	    C   
     112    5    2    3       12824.430816	593	   3	    B+   
     310    8    3    6       13099.619766	456	   2	    B+   
     211    8    6    2       13529.128929	2268	   1	    C   
     112    4    3    2       12765.090599	414	   5	    B+   
     310    5    3    2       12621.433805	2268	   1	    C   
     211    9    5    5       13574.605547	478	   2	    B+   
     211    10    2    8       13524.278148	469	   2	    B+   
     310    4    4    1       12609.062038	641	   1	    C   
     112    2    1    2       12465.440498	664	   2	    B-   
     112    5    1    4       12775.588216	1094	   3	    B+   
     112    1    0    1       12411.935113	335	   4	    B+   
     211    10    3    7       13618.939373	478	   2	    B+   
     310    5    4    1       12726.851755	616	   2	    B+   
     211    10    4    6       13703.597379	690	   1	    C   
     112    3    1    2       12557.836245	995	   4	    B+   
     013    7    1    7       13097.776192	453	   3	    B+   
     013    6    1    5       13067.165294	379	   3	    B+   
     310    5    5    0       12860.957641	473	   2	    B+   
     013    6    0    6       12965.870665	360	   3	    B+   
     013    5    3    3       13029.046381	426	   5	    B+   
     013    5    2    4       12943.354677	447	   5	    B+   
     310    6    5    2       13001.734493	478	   2	    B+   
     013    4    4    0       13008.490138	484	   2	    B-   
     013    4    2    2       12849.684406	317	   5	    B+   
     013    5    1    5       12852.336185	350	   5	    B+   
     013    4    0    4       12753.409287	317	   5	    B+   
     013    3    3    1       12814.683403	397	   3	    B+   
     013    3    2    2       12740.174593	281	   7	    A+   
     013    3    1    3       12677.123842	366	   4	    B+   
     112    4    2    3       12681.044266	303	   4	    B+   
     112    3    3    0       12671.518155	432	   3	    B+   
     013    2    1    1       12634.264230	259	   5	    B+   
     013    2    0    2       12608.998869	389	   5	    B+   
     112    6    2    5       12922.388301	493	   1	    C   
     013    1    1    1       12576.626234	305	   4	    B+   
     013    6    5    1       13392.345144	493	   1	    C   
     013    5    5    1       13250.334349	442	   2	    B+   
     013    0    0    0       12541.227060	517	   2	    B+   
     013    4    3    1       12912.001342	432	   4	    B+   
     013    2    2    0       12672.261525	384	   2	    B+   
     013    4    1    3       12810.304925	324	   3	    B+   
     013    5    4    2       13131.384343	410	   3	    B+   
     013    8    0    8       13246.779452	493	   1	    C   
     013    7    2    6       13226.429390	499	   2	    B+   
     013    6    3    3       13186.714239	740	   2	    B+   
     013    6    2    4       13131.221121	470	   3	    B+   
     013    8    1    7       13390.763508	379	   2	    B+   
     221    7    1    7       14186.288275	397	   2	    B-   
     221    6    2    4       14231.941779	236	   4	    B-   
     221    6    3    3       14301.244965	1080	   3	    B-   
     221    6    1    5       14163.584408	1232	   1	    C   
     221    6    0    6       14054.388759	450	   2	    B-   
     301    6    1    5       14317.386212	49	   4	    B-   
     221    6    4    2       14417.950249	427	   3	    B-   
     301    10    1    9       15011.533118	1183	   1	    C   
     221    5    2    4       14044.437440	1331	   1	    C   
     221    5    1    5       13942.399585	199	   2	    B-   
     042    5    3    2       14049.197340	1528	   1	    C   
     221    5    3    3       14150.750200	581	   3	    B-   
     221    4    1    3       13903.711180	181	   3	    B-   
     221    4    2    2       13952.144845	337	   3	    B-   
     301    8    3    5       14791.552651	199	   2	    B-   
     221    4    0    4       13843.367352	257	   2	    B-   
     301    10    0    10       14846.208119	295	   2	    B-   
     301    8    2    6       14727.039987	357	   2	    B-   
     221    4    3    1       14035.209940	419	   2	    B-   
     221    3    1    3       13769.548162	229	   3	    B-   
     221    3    2    2       13845.862693	264	   2	    B-   
     221    4    4    0       14158.761067	98	   2	    B-   
     301    9    1    9       14665.925744	244	   2	    B-   
     301    8    1    7       14631.792528	480	   3	    B-   
     221    2    1    1       13728.283282	364	   3	    B-   
     221    3    3    1       13940.424845	142	   4	    B-   
     301    7    3    5       14565.489106	221	   2	    B-   
     221    2    0    2       13698.303313	164	   2	    B-   
     301    3    1    3       13943.348927	75	   4	    B-   
     320    2    1    2       13701.512414	1282	   1	    C   
     221    2    2    0       13778.679529	340	   2	    B-   
     301    6    5    1       14623.136847	2317	   1	    C   
     301    6    4    2       14503.543792	729	   3	    B-   
     400    7    1    6       14460.909687	838	   1	    C   
     301    6    3    3       14423.550013	172	   4	    B-   
     301    8    0    8       14502.400447	50	   2	    B-   
     221    1    1    1       13670.991044	246	   1	    C   
     301    6    2    4       14374.095956	129	   4	    B-   
     301    5    5    1       14483.460913	2361	   2	    B-   
     221    0    0    0       13631.499810	542	   1	    C   
     301    5    4    2       14363.484608	93	   3	    B-   
     301    7    1    7       14356.016781	49	   3	    B-   
     301    2    1    1       13900.086280	85	   4	    B-   
     221    6    6    0       14656.619433	493	   1	    C   
     400    6    2    5       14321.550683	112	   2	    B-   
     301    5    3    3       14272.087853	48	   3	    B-   
     320    5    4    1       14272.277118	596	   3	    B-   
     400    6    3    4       14406.598913	696	   4	    B-   
     400    5    1    4       14182.438009	610	   2	    B-   
     301    4    4    0       14248.280986	109	   2	    B-   
     301    6    0    6       14226.215062	196	   4	    B-   
     301    5    2    4       14195.519468	104	   4	    B-   
     301    4    3    1       14159.508166	168	   3	    B-   
     301    4    2    2       14104.012756	67	   3	    B-   
     400    5    0    5       14111.914934	1537	   2	    B-   
     301    5    1    5       14114.686343	107	   2	    B-   
     400    5    3    2       14276.158878	604	   2	    B-   
     301    4    1    3       14069.107173	49	   4	    B-   
     400    3    1    2       13971.277005	690	   1	    C   
     301    7    5    3       14728.540845	354	   2	    B-   
     301    7    6    2       14885.761429	2416	   1	    C   
     221    6    5    1       14565.430682	947	   2	    B-   
     301    6    6    0       14723.600333	394	   1	    C   
     301    3    3    1       14066.134743	74	   2	    B-   
     400    4    2    3       14085.413380	350	   2	    B-   
     301    4    0    4       14018.947783	253	   4	    B-   
     301    3    2    2       13999.274393	40	   4	    B-   
     400    4    3    2       14155.806804	986	   1	    C   
     301    2    2    0       13933.718871	350	   2	    B-   
     301    7    4    4       14663.642785	1134	   1	    C   
     071    2    0    2       13877.021205	89	   2	    B-   
     301    2    0    2       13877.911512	352	   2	    B-   
     221    8    0    8       14333.147951	1528	   1	    C   
     400    2    1    2       13882.604527	227	   2	    B-   
     400    1    0    1       13832.082244	1085	   1	    C   
     400    2    2    1       13930.088419	1079	   2	    B-   
     301    1    1    1       13845.210596	354	   2	    B-   
     221    7    2    6       14325.934740	1282	   1	    C   
     071    0    0    0       13808.273310	493	   1	    C   
     301    0    0    0       13812.158110	493	   1	    C   
     221    8    1    7       14491.382708	542	   1	    C   
     221    9    2    8       14679.527987	2416	   1	    C   
     221    7    3    5       14451.091953	1577	   1	    C   
     221    10    1    9       14887.318419	493	   1	    C   
     221    7    4    4       14581.578031	838	   1	    C   
     400    7    2    5       14538.867543	728	   2	    B-   
     400    5    2    3       14225.167048	542	   1	    C   
     400    3    0    3       13937.300044	493	   1	    C   
     141    5    5    1       14269.141448	2021	   1	    C   
     301    7    2    6       14468.276840	197	   1	    C   
     320    7    3    4       14470.800240	246	   1	    C   
     301    9    2    8       14813.326387	493	   1	    C   
     301    9    3    7       14938.822320	1085	   1	    C   
     400    8    3    6       14741.230607	887	   1	    C   
     400    4    4    1       14246.240538	1824	   1	    C   
     400    5    4    1       14361.879048	493	   1	    C   
     400    6    4    3       14500.161989	1085	   1	    C   
     202    2    1    2       14276.283531	1006	   2	    B-   
     202    4    1    4       14411.405730	893	   2	    B-   
     103    7    1    7       14841.552957	493	   1	    C   
     103    6    1    5       14803.460593	455	   2	    B-   
     202    3    0    3       14330.924338	1003	   3	    B-   
     103    5    2    4       14683.462083	443	   2	    B-   
     103    4    2    2       14589.833872	182	   3	    B-   
     103    5    1    5       14599.245768	147	   2	    B-   
     202    3    1    2       14365.313501	1328	   2	    B-   
     103    4    1    3       14555.320624	391	   2	    B-   
     103    3    3    1       14545.413148	937	   1	    C   
     103    3    2    2       14482.793388	225	   2	    B-   
     202    1    0    1       14225.904149	1134	   1	    C   
     103    3    1    3       14427.927479	104	   3	    B-   
     103    2    2    0       14416.060847	152	   2	    B-   
     103    2    1    1       14384.646186	162	   3	    B-   
     202    1    1    0       14241.930810	789	   1	    C   
     202    3    2    1       14397.469888	1035	   1	    C   
     103    2    0    2       14362.424277	134	   2	    B-   
     103    4    4    0       14722.225541	493	   1	    C   
     202    5    4    1       14745.614889	986	   1	    C   
     202    4    4    1       14633.909848	444	   1	    C   
     202    4    2    3       14479.118722	1824	   1	    C   
     103    0    0    0       14296.279510	197	   1	    C   
     103    1    1    1       14328.878749	246	   1	    C   
     103    4    3    1       14645.602378	1469	   2	    B-   
     103    4    0    4       14503.444114	148	   1	    C   
     103    5    3    3       14762.594148	493	   1	    C   
     103    6    0    6       14711.949552	493	   1	    C   
     202    5    2    3       14620.371522	493	   1	    C   
     103    7    2    6       14952.642140	493	   1	    C   
     202    6    5    2       15009.231210	493	   1	    C   
     103    8    0    8       14988.568352	493	   1	    C   
     103    6    2    4       14863.046504	493	   1	    C   
     101    12    1    11        8945.936215	163	   2	    B+   
     101    11    4    8        9007.897151	1095	   1	    C   
     021    7    5    3        8018.635027	567	   3	    B+   
     031    3    1    3        8505.443378	51	   3	    B+   
     031    1    1    1        8403.585454	1544	   2	    B-   
     031    2    2    0        8532.686387	1231	   1	    C   
     031    2    0    2        8426.246558	1917	   1	    C   
     031    3    3    1        8727.019090	1381	   1	    C   
     031    3    2    2        8602.550096	2134	   1	    C   
     031    4    1    3        8646.316141	2498	   1	    C   
     031    4    4    0        8985.604685	2159	   1	    C   
     111    9    1    9        9676.098480	512	   3	    B+   
     111    8    1    7        9655.195624	497	   5	    B+   
     111    8    0    8        9507.440782	309	   4	    B+   
     111    7    4    4        9716.511444	354	   8	    A+   
     111    7    2    6        9487.243574	253	   7	    A+   
     111    6    2    4        9386.125197	257	   7	    A+   
     111    7    1    7        9356.762744	380	   5	    B+   
     111    6    4    2        9550.756750	249	   7	    A+   
     111    6    0    6        9222.938744	285	   5	    B+   
     111    5    2    4        9202.557202	210	   8	    A+   
     111    5    4    2        9406.882093	268	   8	    A+   
     111    4    2    2        9106.405431	271	   8	    A+   
     111    5    1    5        9107.874861	247	   6	    A+   
     111    4    1    3        9064.875272	221	   6	    A+   
     111    4    3    1        9178.370985	202	   8	    A+   
     111    4    4    0        9288.052674	508	   3	    B+   
     111    4    0    4        9007.458461	238	   7	    A+   
     111    3    2    2        8998.745406	195	   8	    A+   
     111    3    3    1        9082.214152	281	   5	    B+   
     111    3    1    3        8930.868670	233	   5	    B+   
     111    2    1    1        8886.218744	269	   7	    A+   
     210    2    2    1        8889.860475	248	   6	    A+   
     111    2    2    0        8930.741556	243	   6	    A+   
     111    2    0    2        8860.764487	239	   6	    A+   
     111    1    1    1        8829.868593	373	   4	    B+   
     111    7    3    5        9599.358978	391	   7	    A+   
     111    0    0    0        8792.544010	360	   2	    B+   
     111    5    3    3        9294.576219	207	   7	    A+   
     111    5    5    1        9544.916100	333	   3	    B+   
     210    5    0    5        9063.249437	488	   2	    B+   
     012    4    1    4        9201.090387	445	   4	    B+   
     111    6    1    5        9325.568682	229	   5	    B+   
     111    6    3    3        9450.611790	253	   6	    A+   
     111    10    0    10        9863.647394	515	   2	    B+   
     210    6    3    4        9399.659906	338	   4	    B+   
     111    12    0    12       10283.986029	488	   2	    B+   
     111    9    2    8        9847.137557	576	   4	    B+   
     111    10    1    9       10051.646171	418	   3	    B+   
     111    8    2    6        9763.093404	326	   4	    B+   
     111    9    3    7        9987.968698	403	   4	    B+   
     111    8    4    4        9915.644938	337	   3	    B+   
     111    8    3    5        9830.227655	277	   4	    B+   
     111    9    4    6       10119.023327	527	   3	    B+   
     111    10    2    8       10206.769645	1135	   3	    B+   
     012    3    1    2        9154.969554	307	   4	    B+   
     110    4    3    2        5625.745050	248	   6	    A+   
     011    6    1    5        5862.815537	184	   8	    A+   
     110    4    2    3        5533.358581	211	   7	    A+   
     110    5    2    3        5678.065843	286	   4	    B+   
     110    3    2    1        5446.468620	267	   5	    B+   
     011    10    2    8        6758.496357	304	   3	    B+   
     110    5    1    4        5626.268340	265	   4	    B+   
     110    2    2    1        5370.597233	244	   5	    B+   
     011    9    4    6        6673.247005	224	   6	    A+   
     110    2    1    2        5307.931517	226	   5	    B+   
     011    8    3    5        6381.660736	236	   6	    A+   
     110    5    0    5        5546.882292	223	   5	    B+   
     011    9    2    8        6394.068578	258	   5	    B+   
     011    8    4    4        6466.088395	179	   8	    A+   
     110    6    1    6        5666.020661	248	   4	    B+   
     110    4    1    4        5449.544734	261	   4	    B+   
     110    3    0    3        5362.204733	349	   3	    B+   
     110    1    1    0        5272.184192	364	   2	    B-   
     011    7    4    4        6263.807199	171	   9	    A+   
     011    7    5    3        6405.794729	217	   6	    A+   
     011    6    4    2        6095.378497	212	   7	    A+   
     011    7    6    2        6572.641607	284	   4	    B+   
     110    6    4    3        6011.520371	211	   6	    A+   
     110    1    0    1        5251.109668	302	   3	    B+   
     110    7    3    4        6078.754472	447	   2	    B+   
     110    5    3    2        5751.409775	191	   9	    A+   
     011    9    5    5        6817.513101	563	   3	    B+   
     011    8    5    3        6600.384850	220	   8	    A+   
     110    7    0    7        5801.036913	370	   3	    B+   
     110    5    4    1        5866.624150	268	   5	    B+   
     011    8    6    2        6766.554858	251	   6	    A+   
     110    8    1    8        5954.574522	332	   4	    B+   
     110    7    1    6        5928.437898	300	   3	    B+   
     110    9    0    9        6125.387282	290	   3	    B+   
     110    6    2    5        5781.841680	285	   3	    B+   
     011    10    1    9        6603.484154	295	   3	    B+   
     011    13    1    13        7084.173103	342	   3	    B+   
     011    9    3    7        6539.647175	243	   5	    B+   
     011    11    2    10        6831.847013	362	   2	    B+   
     110    3    1    2        5401.994679	292	   3	    B+   
     011    5    5    1        6090.835911	284	   4	    B+   
     110    6    3    4        5888.389259	305	   4	    B+   
     011    10    0    10        6410.344764	328	   3	    B+   
     011    12    1    11        7077.032068	500	   2	    B+   
     011    11    3    9        7013.794460	387	   3	    B+   
     011    10    4    6        6946.055316	304	   3	    B+   
     011    10    5    5        7064.949794	54	   5	    B+   
     111    6    5    1        9687.526944	738	   3	    B-   
     012    5    0    5        9298.365806	297	   4	    B-   
     210    4    3    2        9138.817141	325	   3	    B-   
     210    3    1    2        8921.279868	493	   1	    C   
     210    1    0    1        8772.970449	493	   1	    C   
     210    3    2    1        8963.989905	398	   2	    B-   
     210    1    1    0        8793.263610	493	   1	    C   
     012    4    2    3        9280.068805	287	   4	    B-   
     012    8    1    8        9699.746035	493	   1	    C   
     111    7    5    3        9854.126195	350	   2	    B-   
     031    6    5    1        9446.353385	355	   2	    B-   
     111    8    6    2       10206.122895	813	   2	    B-   
     210    2    1    2        8828.301710	493	   1	    C   
     111    7    6    2       10016.213203	455	   3	    B-   
     111    6    6    0        9850.199633	493	   1	    C   
     012    3    2    1        9194.522008	307	   3	    B-   
     210    5    3    2        9261.385155	374	   2	    B-   
     111    7    7    1       10208.463699	642	   2	    B-   
     012    5    1    4        9377.096474	310	   4	    B-   
     210    4    1    4        8967.434314	493	   1	    C   
     210    3    3    0        9044.246468	493	   1	    C   
     012    2    2    1        9117.886798	279	   4	    B-   
     210    5    4    1        9371.993189	493	   1	    C   
     210    6    4    3        9514.109553	493	   1	    C   
     210    4    4    1        9253.074748	493	   1	    C   
     210    4    2    3        9048.415988	493	   1	    C   
     210    8    1    8        9463.171452	493	   1	    C   
     210    9    0    9        9630.747257	493	   1	    C   
     012    1    1    0        9025.395775	493	   1	    C   
     210    6    2    5        9293.058517	493	   1	    C   
     031    9    3    7        9656.139557	493	   1	    C   
     012    5    2    3        9426.668852	349	   3	    B-   
     031    5    5    1        9301.415848	493	   1	    C   
     012    2    1    2        9060.765562	359	   2	    B-   
     060    6    1    6        9381.346204	493	   1	    C   
     050    10    5    6        9858.814935	493	   1	    C   
     210    6    6    1        9824.973644	493	   1	    C   
     012    3    0    3        9116.088766	372	   2	    B-   
     111    11    1    11       10064.135931	496	   1	    C   
     210    8    3    6        9737.837507	493	   1	    C   
     130    8    5    4        9746.610307	493	   1	    C   
     012    6    1    6        9415.318878	431	   2	    B-   
     031    7    5    3        9617.722953	493	   1	    C   
     111    11    2    10       10274.583213	493	   1	    C   
     111    8    5    3       10045.180447	493	   1	    C   
     111    12    1    11       10513.929618	494	   1	    C   
     130    10    5    6       10198.245506	493	   1	    C   
     111    13    2    12       10771.079041	505	   1	    C   
     012    8    2    7        9849.387615	418	   3	    B-   
     111    9    5    5       10259.171126	493	   1	    C   
     111    11    3    9       10453.369627	493	   1	    C   
     111    9    6    4       10420.243860	493	   1	    C   
     210    10    4    7       10304.589920	493	   1	    C   
     111    10    5    5       10501.836505	1752	   2	    B-   
     111    10    4    6       10387.612579	493	   1	    C   
     111    11    4    8       10607.891342	493	   1	    C   
     210    8    4    5        9871.519927	493	   1	    C   
     111    10    6    4       10657.510596	493	   1	    C   
     012    5    3    2        9489.409105	362	   2	    B-   
     012    7    2    5        9757.844308	493	   1	    C   
     012    3    3    0        9268.676571	442	   2	    B-   
     012    4    3    2        9364.264886	377	   2	    B-   
     012    7    4    3        9908.898240	412	   2	    B-   
     012    6    3    4        9626.151222	391	   2	    B-   
     012    6    2    5        9526.882859	408	   2	    B-   
     012    5    4    1        9591.817318	404	   2	    B-   
     012    6    4    3        9736.180571	487	   2	    B-   
     012    4    4    1        9471.059943	2050	   2	    B-   
     012    6    5    2        9869.631970	484	   2	    B-   
     012    5    5    0        9723.926276	447	   2	    B-   
     012    8    4    5       10096.556927	493	   1	    C   
     012    7    5    2       10039.385831	493	   1	    C   
     012    6    6    1       10024.604349	493	   1	    C   
     012    8    5    4       10232.467585	493	   1	    C   
     012    7    7    0       10370.671433	493	   1	    C   
     321    4    4    0       17273.299773	2713	   3	    B-   
     420    6    3    4       17420.684667	2806	   2	    B-   
     401    7    1    7       17413.344795	2529	   3	    B-   
     401    6    1    5       17377.470588	3042	   3	    B-   
     420    6    2    5       17321.994405	2576	   3	    B-   
     420    7    3    4       17606.418785	3944	   1	    C   
     340    4    3    2       17003.351283	4125	   2	    B-   
     321    4    0    4       17004.235783	3861	   2	    B-   
     420    6    4    3       17521.947008	2904	   2	    B-   
     500    6    2    5       17386.175521	2279	   4	    B-   
     420    4    1    4       17012.281719	2288	   4	    B-   
     420    4    3    2       17173.159354	2861	   2	    B-   
     420    4    2    3       17087.030702	2793	   2	    B-   
     241    5    4    2       17300.019125	4214	   2	    B-   
     500    5    1    4       17244.926872	8737	   2	    B-   
     241    4    4    0       17182.821941	3944	   1	    C   
     321    7    6    2       17908.537981	4590	   2	    B-   
     420    7    2    5       17539.990890	7481	   2	    B-   
     500    6    3    4       17480.669837	3074	   3	    B-   
     500    6    1    6       17285.079402	6887	   2	    B-   
     401    6    0    6       17285.750247	2675	   4	    B-   
     321    3    2    2       17001.662342	2303	   3	    B-   
     321    3    3    1       17083.619793	3286	   2	    B-   
     420    5    0    5       17102.735269	4840	   2	    B-   
     321    3    1    3       16931.561386	2898	   3	    B-   
     401    5    2    4       17259.002872	3350	   2	    B-   
     321    6    6    0       17750.872733	3944	   1	    C   
     500    3    0    3       17000.655257	2460	   4	    B-   
     321    2    1    1       16890.806894	3048	   3	    B-   
     420    5    2    3       17226.505068	4207	   2	    B-   
     142    6    2    5       17367.953185	3434	   2	    B-   
     401    4    2    2       17167.451191	2234	   4	    B-   
     401    3    1    3       17006.094937	2529	   3	    B-   
     321    2    2    0       16935.874240	4405	   4	    B-   
     321    2    0    2       16862.895062	3633	   2	    B-   
     500    5    0    5       17173.832624	3370	   3	    B-   
     420    5    1    4       17174.225404	3944	   1	    C   
     401    5    1    5       17174.997685	2893	   3	    B-   
     401    2    0    2       16940.637438	2908	   3	    B-   
     142    4    2    3       17128.444202	3265	   2	    B-   
     401    4    1    3       17130.659426	2695	   4	    B-   
     321    6    5    1       17617.903855	2760	   3	    B-   
     401    4    4    0       17345.014126	5279	   2	    B-   
     420    5    4    1       17386.021951	3266	   2	    B-   
     420    2    1    2       16878.040062	4351	   2	    B-   
     321    5    5    1       17481.592349	3805	   2	    B-   
     500    7    1    6       17527.159824	4935	   2	    B-   
     142    5    1    4       17193.209155	5503	   2	    B-   
     321    5    2    4       17197.441193	2922	   3	    B-   
     321    7    4    4       17680.687785	3944	   1	    C   
     500    4    2    3       17151.540702	3230	   2	    B-   
     420    3    0    3       16927.232216	3701	   2	    B-   
     401    4    0    4       17079.356783	2825	   2	    B-   
     321    1    1    1       16834.715647	3319	   2	    B-   
     500    4    1    4       17081.382068	2510	   4	    B-   
     401    3    3    1       17138.730553	3042	   3	    B-   
     420    3    1    2       16971.736768	3944	   1	    C   
     401    3    2    2       17063.765207	2491	   4	    B-   
     420    4    4    1       17272.424288	3944	   1	    C   
     500    7    2    5       17609.081890	2896	   2	    B-   
     321    6    4    2       17524.307667	3127	   2	    B-   
     321    0    0    0       16797.167510	3944	   1	    C   
     321    5    3    3       17286.838835	2464	   4	    B-   
     420    3    2    1       17005.404283	3712	   2	    B-   
     043    5    3    3       17522.872849	3944	   1	    C   
     500    3    2    1       17070.019480	2902	   2	    B-   
     321    8    1    7       17629.489767	3161	   2	    B-   
     401    2    1    1       16963.124996	3189	   3	    B-   
     340    6    4    3       17439.310685	3087	   2	    B-   
     321    4    3    1       17175.685190	2628	   3	    B-   
     500    5    3    2       17348.871123	3530	   2	    B-   
     043    3    1    3       17081.924738	3944	   1	    C   
     340    4    4    1       17180.371848	3944	   1	    C   
     321    4    2    2       17106.187664	2349	   3	    B-   
     500    2    1    2       16947.579562	4447	   2	    B-   
     142    3    1    2       16954.765275	3944	   1	    C   
     340    5    3    2       17120.958905	3944	   1	    C   
     420    8    3    6       17750.796546	5613	   2	    B-   
     142    3    0    3       16901.708344	3944	   1	    C   
     500    3    1    2       17035.597191	2792	   2	    B-   
     321    6    2    4       17376.552624	2438	   3	    B-   
     401    1    1    1       16908.774646	2794	   2	    B-   
     321    4    1    3       17062.430655	3988	   2	    B-   
     401    5    3    3       17345.310755	2814	   2	    B-   
     500    5    2    3       17290.820774	2658	   3	    B-   
     401    6    3    3       17494.417685	5109	   2	    B-   
     401    4    3    1       17232.051968	3398	   2	    B-   
     401    0    0    0       16875.620510	3944	   1	    C   
     401    5    4    2       17461.640626	3671	   2	    B-   
     500    1    0    1       16897.357949	3944	   1	    C   
     142    4    1    4       16993.400614	3944	   1	    C   
     142    5    0    5       17082.683222	3944	   1	    C   
     321    6    1    5       17315.417609	7149	   2	    B-   
     321    7    3    5       17576.943808	3944	   1	    C   
     142    6    1    6       17199.138952	3944	   1	    C   
     321    5    1    5       17099.444222	3944	   1	    C   
     340    7    3    4       17430.236340	12324	   1	    C   
     401    6    2    4       17435.682372	3727	   2	    B-   
     321    7    2    6       17469.558096	3185	   2	    B-   
     321    6    0    6       17210.004952	3944	   1	    C   
     321    10    0    10       17808.942935	3944	   1	    C   
     161    6    4    2       17215.930952	3944	   1	    C   
     420    6    1    6       17217.607952	3944	   1	    C   
     142    8    1    8       17478.691852	3944	   1	    C   
     420    9    3    6       18013.990899	3944	   1	    C   
     321    8    0    8       17480.218852	3944	   1	    C   
     420    7    0    7       17343.962900	3944	   1	    C   
     321    5    4    2       17386.151423	3000	   2	    B-   
     420    8    1    8       17495.650851	3944	   1	    C   
     500    7    3    4       17664.421635	3242	   2	    B-   
     260    6    5    2       17521.583357	2834	   2	    B-   
     321    9    2    8       17803.428887	3944	   1	    C   
     321    6    3    3       17434.884302	3720	   2	    B-   
     401    7    2    6       17531.407852	3944	   1	    C   
     321    8    2    6       17729.099307	3944	   1	    C   
     420    3    3    0       17082.702275	3944	   1	    C   
     500    2    2    1       16997.158949	3944	   1	    C   
     321    8    3    5       17800.118768	3728	   2	    B-   
     401    8    0    8       17557.813851	3944	   1	    C   
     401    9    1    9       17717.897657	12324	   1	    C   
     401    10    0    10       17897.201935	3944	   1	    C   
     142    8    2    7       17684.476808	3944	   1	    C   
     340    9    2    7       17725.894657	3944	   1	    C   
     043    6    1    5       17496.471302	4250	   2	    B-   
     401    8    1    7       17693.567808	3944	   1	    C   
     420    5    3    2       17291.805905	3944	   1	    C   
     500    10    2    9       18069.908819	3944	   1	    C   
     401    7    3    5       17640.767053	3944	   1	    C   
     420    5    5    0       17481.323941	3944	   1	    C   
     241    6    4    2       17442.315178	5712	   2	    B-   
     500    8    2    7       17700.214808	3944	   1	    C   
     500    9    1    8       17881.549887	3944	   1	    C   
     500    3    3    0       17137.628275	3944	   1	    C   
     401    8    2    6       17786.335307	3944	   1	    C   
     420    6    6    1       17745.242849	3944	   1	    C   
     420    6    5    2       17617.681310	3944	   1	    C   
     420    7    7    0       18054.557733	3944	   1	    C   
     401    9    3    7       18020.385120	3944	   1	    C   
     500    4    3    2       17229.229768	3944	   1	    C   
     401    8    3    5       17859.471727	3944	   1	    C   
     420    7    6    1       17903.321444	3944	   1	    C   
     420    7    5    2       17777.022931	3944	   1	    C   
     420    8    7    2       18233.506229	3944	   1	    C   
     420    8    6    3       18083.555047	3944	   1	    C   
     420    8    5    4       17957.879785	3944	   1	    C   
     500    8    3    6       17817.599307	3944	   1	    C   
     420    7    4    3       17686.703053	3944	   1	    C   
     401    9    4    6       18166.119899	3944	   1	    C   
     241    7    4    4       17601.678340	3944	   1	    C   
     340    6    5    2       17663.621310	3944	   1	    C   
     500    4    4    1       17343.784737	3944	   1	    C   
     340    7    5    2       17827.711931	3944	   1	    C   
     500    5    4    1       17460.559848	3944	   1	    C   
     321    8    4    4       17873.015307	3944	   1	    C   
     500    6    4    3       17600.387288	3944	   1	    C   
     123    6    1    5       17809.266808	3944	   1	    C   
     222    4    1    4       17414.118905	3944	   1	    C   
     321    10    5    5       18396.659320	3944	   1	    C   
     123    6    0    6       17701.228852	3944	   1	    C   
     321    8    5    3       17959.150727	3944	   1	    C   
     302    4    4    1       17862.097849	3944	   1	    C   
     120    7    1    6        7477.969528	335	   3	    B+   
     040    2    1    2        6223.072613	50	   3	    B+   
     011    8    8    0        7163.020379	7637	   2	    B+   
     011    9    7    3        7173.863437	372	   3	    B+   
     011    11    6    6        7491.116742	362	   2	    B+   
     011    8    7    1        6955.597751	1760	   2	    B-   
     011    11    5    7        7323.602627	493	   1	    C   
     011    11    4    8        7171.022017	515	   2	    B-   
     011    7    7    1        6761.121599	669	   2	    B-   
     011    10    6    4        7226.431903	49	   4	    B+   
     011    9    6    4        6984.342079	428	   3	    B-   
     011    6    6    0        6402.798404	471	   2	    B-   
     110    8    4    5        6366.992561	330	   3	    B-   
     011    12    6    6        7783.128513	1185	   1	    C   
     011    12    5    7        7635.258858	494	   1	    C   
     011    13    4    10        7749.051234	740	   2	    B+   
     011    10    8    2        7625.145990	398	   2	    B+   
     011    14    2    12        7859.516120	405	   2	    B+   
     011    9    8    2        7382.394005	367	   2	    B+   
     011    15    2    14        7919.299484	737	   1	    C   
     011    12    2    10        7275.700940	544	   2	    B+   
     011    14    1    13        7620.777277	3356	   1	    C   
     011    13    2    12        7340.022841	505	   1	    C   
     011    14    0    14        7343.165904	523	   1	    C   
     110    7    4    3        6182.472243	506	   2	    B-   
     011    12    0    12        6841.978151	402	   2	    B-   
     030    9    5    4        6395.493626	603	   2	    B-   
     011    11    1    11        6617.359325	379	   2	    B-   
     110    8    3    6        6240.703307	493	   1	    C   
     110    8    2    7        6109.003056	741	   2	    B-   
     110    8    5    4        6520.448779	493	   1	    C   
     110    9    1    8        6298.271806	493	   1	    C   
     011    10    3    7        6865.236775	1401	   2	    B-   
     110    4    4    1        5746.003749	493	   1	    C   
     110    7    2    5        6011.033320	493	   1	    C   
     110    6    5    2        6158.820329	592	   1	    C   
     110    6    6    1        6332.769555	493	   1	    C   
     030    4    3    2        5150.286285	493	   2	    B-   
     110    7    5    2        6327.707460	493	   1	    C   
     030    3    3    0        5053.173661	420	   2	    B-   
     030    6    3    4        5417.122940	493	   1	    C   
     030    3    2    1        4920.358866	880	   2	    B-   
     030    2    2    1        4844.385449	937	   1	    C   
     030    4    2    3        5010.309722	542	   1	    C   
     030    5    1    4        5079.715178	1240	   2	    B-   
     030    5    2    3        5153.104717	3007	   1	    C   
     030    3    1    2        4846.836914	493	   1	    C   
     030    1    1    0        4713.547472	498	   2	    B-   
     030    1    0    1        4680.871849	493	   1	    C   
     030    2    1    2        4748.948114	493	   1	    C   
     030    4    4    1        5328.161049	493	   1	    C   
     030    4    1    4        4891.822952	493	   1	    C   
     030    5    0    5        4985.970401	690	   1	    C   
     030    6    1    6        5110.875651	493	   1	    C   
     001    13    5    9        6279.653534	519	   1	    C   
     001    11    7    5        5997.757656	493	   1	    C   
     001    12    6    6        6125.652812	497	   1	    C   
     011    11    7    5        7680.861359	443	   2	    B+   
     110    10    4    7        6821.201720	493	   1	    C   
     030    7    5    2        5980.497185	493	   1	    C   
     230    8    1    8       12465.321535	493	   1	    C   
     131    8    0    8       12508.814935	493	   1	    C   
     230    4    1    4       11974.403605	493	   1	    C   
     230    1    0    1       11773.057749	493	   1	    C   
     131    4    3    1       12247.741389	493	   1	    C   
     131    7    1    7       12360.318501	493	   1	    C   
     131    7    3    5       12670.686157	493	   1	    C   
     131    6    5    1       12855.184944	493	   1	    C   
     131    8    5    3       13212.961627	493	   1	    C   
     310    7    3    4       13209.528107	493	   1	    C   
     310    7    2    5       13149.437108	493	   1	    C   
     310    7    4    3       13297.694227	493	   1	    C   
     310    8    6    3       13524.006347	493	   1	    C   
     112    7    1    6       13066.624251	493	   1	    C   
     112    5    4    1       12989.291168	560	   2	    B-   
     112    5    3    2       12887.313305	493	   1	    C   
     112    6    4    3       13130.383189	493	   1	    C   
     013    9    1    9       13412.976557	493	   1	    C   
     013    10    0    10       13596.387435	493	   1	    C   
     013    7    3    5       13333.225553	493	   1	    C   
     112    7    4    3       13335.161953	493	   1	    C   
     013    7    4    4       13444.651031	493	   1	    C   
     013    9    2    8       13577.716987	493	   1	    C   
     013    8    3    5       13569.167927	493	   1	    C   
     040    3    0    3        6259.982224	49	   2	    B+   
     040    4    1    4        6365.352878	49	   3	    B+   
     120    7    3    4        7647.038098	60	   3	    B+   
     021    8    6    2        8406.655986	51	   1	    C   
     031    2    1    1        8463.216991	64	   1	    C   
     120    7    5    2        7947.511843	49	   2	    B+   
     120    7    2    5        7565.557332	49	   2	    B+   
     011    12    3    9        7429.279518	494	   1	    C   
     011    10    7    3        7415.704191	493	   1	    C   
     011    12    7    5        7969.483858	494	   1	    C   
     011    13    3    11        7560.231474	525	   1	    C   
     011    11    8    4        7891.052248	494	   1	    C   
     011    9    9    1        7605.965538	493	   1	    C   
     011    10    9    1        7850.293513	493	   1	    C   
     040    6    2    5        6766.906604	862	   2	    B-   
     040    1    0    1        6145.263744	493	   1	    C   
     040    5    4    1        7024.167644	493	   1	    C   
     040    1    1    0        6188.150010	493	   1	    C   
     040    5    2    3        6650.217409	369	   2	    B-   
     040    5    5    0        7275.585233	493	   1	    C   
     040    3    2    1        6420.074688	493	   1	    C   
     040    9    0    9        7046.926657	493	   1	    C   
     040    5    3    2        6808.528204	493	   1	    C   
     120    11    0    11        8053.674574	525	   1	    C   
     120    8    5    4        8139.758696	493	   1	    C   
     120    10    3    8        8240.161683	494	   1	    C   
